species,min_elevation,max_elevation,range
Abatia parviflora,800,2600,1800
Acalypha cuneata,400,1700,1300
Acalypha diversifolia,800,3700,2900
Acalypha macrostachya,1300,2400,1100
Achatocarpus nigricans,600,1100,500
Adenocalymma aspericarpum,1300,1300,0
Aegiphila alba,0,2500,2500
Aegiphila bogotensis,700,2600,1900
Aegiphila cuatrecasasii,0,1000,1000
Aegiphila integrifolia,1500,3000,1500
Aegiphila laeta,0,1300,1300
Aegiphila panamensis,300,1900,1600
Aequatorium jamesonii,0,1000,1000
Ageratina boyacensis,0,100,100
Ageratina glyptophlebia,1200,1500,300
Ageratina popayanensis,2500,2600,100
Ageratina tinifolia,0,2600,2600
Agouticarpa williamsii,0,2000,2000
Aiouea dubia,0,2000,2000
Aiphanes hirsuta,1000,1000,0
Aiphanes horrida,0,1600,1600
Aiphanes linearis,0,700,700
Aiphanes parvifolia,800,800,0
Albizia carbonaria,400,2000,1600
Albizia subdimidiata,0,500,500
Alchornea acutifolia,0,1600,1600
Alchornea bogotensis,100,900,800
Alchornea brittonii,0,1600,1600
Alchornea coelophylla,0,1600,1600
Alchornea costaricensis,400,1400,1000
Alchornea floribunda,0,400,400
Alchornea glandulosa,2200,3000,800
Alchornea grandiflora,600,2200,1600
Alchornea grandis,0,1400,1400
Alchornea latifolia,800,2300,1500
Alchornea megalophylla,0,900,900
Alchornea triplinervia,1900,3800,1900
Alchornea verticillata,1600,1600,0
Alchorneopsis floribunda,400,3700,3300
Alfaroa colombiana,400,1300,900
Alfaroa williamsii,1000,1000,0
Allomaieta hirsuta,500,500,0
Allomaieta pancurana,900,900,0
Allomaieta villosa,600,600,0
Allophylus edulis,0,1900,1900
Allophylus excelsus,0,2300,2300
Allophylus floribundus,0,2400,2400
Allophylus psilospermus,500,900,400
Allophylus punctatus,0,2100,2100
Alnus acuminata,1600,3400,1800
Alseis blackiana,0,400,400
Ciliosemina pedunculata,500,1200,700
Ciliosemina purdieana,300,300,0
Cinchona antioquiae,300,300,0
Cinchona macrocalyx,0,1100,1100
Cinchona officinalis,0,1600,1600
Cinchona pubescens,1800,2700,900
Cissus trianae,600,1600,1000
Citronella incarum,400,2900,2500
Citrus X aurantium,0,2000,2000
Citrus limon,0,1500,1500
Clarisia biflora,1000,2800,1800
Clarisia racemosa,800,1200,400
Clathrotropis brunnea,800,800,0
Clavija mezii,0,100,100
Clethra fagifolia,0,2700,2700
Clethra fimbriata,0,2500,2500
Clethra ovalifolia,400,1800,1400
Clethra revoluta,1200,2900,1700
Clitoria arborea,0,2000,2000
Clusia alata,200,3000,2800
Clusia articulata,2800,2800,0
Clusia candelabrum,0,100,100
Clusia crenata,0,1000,1000
Clusia cuneifolia,0,1900,1900
Clusia decussata,0,2200,2200
Clusia dixonii,900,1400,500
Clusia ducu,600,1900,1300
Clusia ducuoides,0,2300,2300
Clusia elliptica,400,2300,1900
Clusia flavida,300,2000,1700
Clusia hammeliana,400,1400,1000
Clusia haughtii,300,1500,1200
Clusia hydrogera,800,1200,400
Clusia inesiana,0,1600,1600
Clusia lineata,0,2100,2100
Clusia minor,0,2000,2000
Clusia mocoensis,1200,1800,600
Clusia multiflora,800,2800,2000
Clusia octandra,0,1500,1500
Clusia palmicida,0,1300,1300
Clusia penduliflora,0,1500,1500
Clusia pentandra,400,1000,600
Clusia schomburgkiana,0,2600,2600
Clusia sphaerocarpa,0,2400,2400
Clusia thurifera,0,1500,1500
Clusia trochiformis,400,2900,2500
Clusia volubilis,0,0,0
Coccoloba acuminata,0,500,500
Coccoloba ascendens,0,200,200
Coccoloba coronata,0,1200,1200
Coccoloba densifrons,100,900,800
Coccoloba excelsa,0,800,800
Coccoloba lehmannii,0,500,500
Coccoloba mollis,400,1500,1100
Coccoloba obovata,0,1200,1200
Coccoloba padiformis,0,100,100
Cochlospermum orinocense,100,900,800
Coffea arabica,1300,2000,700
Compsoneura anoriensis,100,100,0
Compsoneura claroensis,300,300,0
Compsoneura mutisii,800,800,0
Compsoneura rigidifolia,0,600,600
Conceveiba parvifolia,200,200,0
Conceveiba pleiostemona,200,1400,1200
Conceveiba terminalis,0,800,800
Condaminea corymbosa,1400,2400,1000
Connarus panamensis,0,0,0
Copaifera canime,0,0,0
Copaifera officinalis,0,0,0
Cordia alliodora,1300,3300,2000
Cordia bicolor,200,1500,1300
Cordia bogotensis,0,1900,1900
Cordia dwyeri,0,700,700
Cordia nodosa,1200,3400,2200
Cordia panamensis,0,1600,1600
Cordiera myrciifolia,100,900,800
Cornus peruviana,700,2100,1400
Cornutia pyramidata,0,1800,1800
Cosmibuena grandiflora,900,1700,800
Couma macrocarpa,400,700,300
Couratari guianensis,100,800,700
Couroupita guianensis,100,400,300
Coussapoa contorta,900,1000,100
Coussapoa crassivenosa,0,1300,1300
Coussapoa herthae,0,1000,1000
Coussapoa villosa,100,2000,1900
Coussarea antioquiana,400,400,0
Coussarea enneantha,1000,1000,0
Coussarea grandifolia,0,1400,1400
Coussarea hirticalyx,0,800,800
Coussarea klugii,0,1000,1000
Coussarea latifolia,0,1600,1600
Coussarea macrocalyx,0,1100,1100
Coussarea paniculata,700,1900,1200
Coutarea hexandra,600,1700,1100
Crepidospermum rhoifolium,0,1000,1000
Critoniopsis glandulata,0,800,800
Croton argenteus,0,300,300
Croton gossypiifolius,0,1100,1100
Croton killipianus,0,1700,1700
Croton lechleri,0,2200,2200
Croton mutisianus,1300,1900,600
Croton schiedeanus,400,1100,700
Croton smithianus,700,1000,300
Cuatresia cuspidata,0,700,700
Cuatresia garciae,0,0,0
Cuatresia riparia,0,2100,2100
Cupania americana,0,2200,2200
Cupania cinerea,700,3400,2700
Cupania latifolia,1200,2500,1300
Cupania scrobiculata,600,1600,1000
Curatella americana,100,1600,1500
Cyathea andina,400,1300,900
Cyathea bipinnatifida,500,2800,2300
Cyathea caracasana,0,2100,2100
Cyathea conjugata,600,2000,1400
Cyathea delgadii,1300,2600,1300
Cyathea divergens,0,1300,1300
Cyathea fulva,0,1600,1600
Cyathea kalbreyeri,0,1200,1200
Cyathea lechleri,0,2900,2900
Cyathea lindeniana,900,1700,800
Cyathea meridensis,800,1800,1000
Cyathea multiflora,500,1500,1000
Cyathea nigripes,100,900,800
Cyathea pallescens,0,1900,1900
Cyathea pauciflora,0,1100,1100
Cyathea pilosissima,400,2200,1800
Cyathea pungens,1200,1600,400
Cyathea squamipes,600,2700,2100
Cybianthus humilis,0,600,600
Cybianthus iteoides,1700,2500,800
Cybianthus laurifolius,0,2200,2200
Cybianthus marginatus,800,2200,1400
Cybianthus pastensis,600,2400,1800
Cybianthus poeppigii,0,1600,1600
Cybianthus schlimii,0,1300,1300
Cybianthus venezuelanus,1200,2000,800
Cymbopetalum sanchezii,0,0,0
Cynometra bauhiniifolia,0,100,100
Cynophalla flexuosa,200,1300,1100
Dacryodes acuptipyrena,0,0,0
Dacryodes belemensis,0,300,300
Dacryodes peruviana,0,1200,1200
Delostoma integrifolium,600,2200,1600
Dendrobangia boliviana,1100,1500,400
Dendropanax arboreus,1500,2400,900
Dendropanax caucanus,0,1600,1600
Dendropanax macrophyllus,0,800,800
Dialium guianense,300,900,600
Dicksonia karsteniana,0,1300,1300
Dicksonia sellowiana,1200,2700,1500
Dictyocaryum lamarckianum,0,1200,1200
Dieffenbachia seguine,0,1100,1100
Dilodendron costaricense,200,200,0
Dimorphandra macrostachya,0,400,400
Dioicodendron dioicum,0,2300,2300
Diospyros artanthifolia,500,1000,500
Discophora guianensis,900,1300,400
Doliocarpus dentatus,700,1500,800
Drimys granadensis,900,2000,1100
Duguetia antioquensis,1100,1100,0
Duguetia caniflora,0,0,0
Duguetia colombiana,100,100,0
Duguetia gentryi,100,100,0
Dunalia solanacea,1700,2200,500
Duroia hirsuta,400,1300,900
Dussia lehmannii,500,1700,1200
Dussia macroprophyllata,2200,2200,0
Dussia tessmannii,100,2000,1900
Dystovomita paniculata,0,1200,1200
Ecclinusa lanceolata,0,900,900
Ecclinusa ramiflora,0,300,300
Elaeagia karstenii,0,2100,2100
Elaeagia mariae,700,2300,1600
Elaeagia myriantha,100,1200,1100
Elaeagia pastoensis,800,1700,900
Elaeagia utilis,1400,1900,500
Endlicheria gracilis,0,1000,1000
Endlicheria griseo-sericea,100,1900,1800
Endlicheria griseosericea,100,1900,1800
Endlicheria metallica,0,2000,2000
Endlicheria pyriformis,0,1300,1300
Endlicheria sericea,0,2000,2000
Entada gigas,0,1100,1100
Enterolobium cyclocarpum,0,800,800
Enterolobium schomburgkii,300,700,400
Eriotheca globosa,0,900,900
Erythrina berteroana,0,900,900
Erythrina edulis,1500,2500,1000
Erythrina poeppigiana,1200,2100,900
Erythroxylum citrifolium,0,2100,2100
Erythroxylum gracilipes,0,1300,1300
Erythroxylum havanense,100,100,0
Erythroxylum hondense,500,600,100
Erythroxylum macrophyllum,0,2100,2100
Escallonia myrtilloides,1000,2200,1200
Escallonia paniculata,0,2000,2000
Escallonia pendula,100,1400,1300
Eschweilera albiflora,0,1000,1000
Eschweilera antioquensis,0,2100,2100
Eschweilera bogotensis,0,0,0
Eschweilera bracteosa,0,500,500
Eschweilera caudiculata,500,2100,1600
Eschweilera coriacea,600,2000,1400
Eschweilera microcalyx,200,200,0
Eschweilera sessilis,100,1500,1400
Eugenia biflora,500,1600,1100
Eugenia dittocrepis,0,400,400
Eugenia egensis,600,2100,1500
Eugenia feijoi,0,1800,1800
Eugenia florida,500,2800,2300
Eugenia limbosa,0,700,700
Eugenia oerstediana,0,1100,1100
Eugenia rhombea,0,0,0
Eugenia uniflora,100,2100,2000
Euphorbia arenaria,0,1000,1000
Euterpe precatoria,1200,2300,1100
Faramea calyptrata,0,1600,1600
Faramea capillipes,600,1000,400
Faramea cuspidata,0,1600,1600
Faramea fragrans,0,900,900
Faramea jasminoides,600,2000,1400
Faramea multiflora,1400,2200,800
Faramea oblongifolia,0,1900,1900
Faramea occidentalis,500,1800,1300
Faramea quinqueflora,0,2000,2000
Ferdinandusa loretensis,0,900,900
Ficus americana,1600,3800,2200
Ficus apollinaris,400,1100,700
Ficus brevibracteata,600,1500,900
Ficus citrifolia,600,2300,1700
Ficus crassiuscula,0,400,400
Ficus crocata,0,900,900
Ficus cuatrecasana,0,1800,1800
Ficus cuatrecasasiana,300,2100,1800
Ficus donnell-smithii,300,3400,3100
Ficus dulciaria,100,900,800
Ficus eximia,0,1600,1600
Ficus gigantosyce,0,900,900
Ficus guianensis,0,2000,2000
Ficus hartwegii,0,1800,1800
Ficus insipida,800,2200,1400
Ficus krukovii,0,1300,1300
Ficus lacunata,0,0,0
Ficus macbridei,100,1600,1500
Ficus mathewsii,0,700,700
Ficus maxima,0,3400,3400
Ficus mutisii,0,1900,1900
Ficus obtusifolia,800,1900,1100
Ficus pallida,0,3200,3200
Ficus paraensis,600,1600,1000
Ficus pertusa,700,2000,1300
Ficus popenoei,0,100,100
Ficus schippii,0,1700,1700
Ficus tonduzii,100,2100,2000
Ficus trianae,0,800,800
Ficus trigona,0,2800,2800
Ficus velutina,500,1600,1100
Frangula goudotiana,700,2100,1400
Frangula granulosa,100,1500,1400
Frangula sphaerosperma,800,1500,700
Freziera candicans,0,0,0
Freziera chrysophylla,0,800,800
Freziera karsteniana,0,1700,1700
Freziera punctata,0,300,300
Freziera reticulata,0,800,800
Freziera verrucosa,0,2300,2300
Fusaea longifolia,100,400,300
Gaiadendron punctatum,2200,3100,900
Garcinia intermedia,800,1400,600
Garcinia macrophylla,900,1700,800
Garcinia madruno,900,1800,900
Geissanthus ambigua,0,2800,2800
Geissanthus andinus,800,1700,900
Alsophila cuspidata,400,1800,1400
Alsophila engelii,0,1600,1600
Alsophila erinacea,800,2400,1600
Alsophila incana,0,1400,1400
Alzatea verticillata,200,1500,1300
Amaioua guianensis,0,1400,1400
Ampelocera edentula,0,1500,1500
Ampelocera longissima,0,1000,1000
Ampelocera macrocarpa,500,500,0
Amphirrhox longifolia,0,700,700
Amyris ignea,0,0,0
Amyris pinnata,800,1200,400
Amyris sylvatica,0,1100,1100
Anacardium excelsum,1300,1700,400
Anacardium occidentale,200,1200,1000
Anaxagorea brevipes,100,800,700
Andira chigorodensis,0,0,0
Andira inermis,100,1800,1700
Andira surinamensis,0,600,600
Andira taurotesticulata,1300,1400,100
Aniba canelilla,0,600,600
Aniba coto,0,2000,2000
Aniba muca,400,1700,1300
Aniba panurensis,200,1800,1600
Aniba perutilis,400,2800,2400
Aniba puchury-minor,0,3400,3400
Aniba riparia,0,2000,2000
Aniba robusta,1100,1700,600
Annona amazonica,0,700,700
Annona cherimola,400,1800,1400
Geissanthus betancurii,1300,1300,0
Geissanthus bogotensis,1600,2200,600
Geissanthus fragrans,0,0,0
Geissanthus longistamineus,100,2300,2200
Geissanthus occidentalis,1200,1500,300
Genipa americana,500,1600,1100
Geonoma deversa,600,1600,1000
Geonoma orbignyana,1500,2300,800
Geonoma undata,1300,2500,1200
Gloeospermum longifolium,500,2100,1600
Gloeospermum sphaerocarpum,900,1500,600
Glossoloma tetragonoides,300,2400,2100
Godmania aesculifolia,0,1000,1000
Gonzalagunia cornifolia,0,2200,2200
Gonzalagunia dicocca,0,1400,1400
Gordonia fruticosa,1400,3000,1600
Gordonia robusta,0,0,0
Goupia glabra,0,700,700
Graffenrieda cucullata,800,2100,1300
Graffenrieda emarginata,0,2300,2300
Graffenrieda galeottii,0,1700,1700
Graffenrieda gracilis,800,1700,900
Graffenrieda intermedia,200,1300,1100
Graffenrieda latifolia,500,500,0
Graffenrieda micrantha,0,0,0
Graffenrieda santamartensis,600,600,0
Grias haughtii,0,500,500
Guapira costaricana,700,1200,500
Guapira pubescens,0,0,0
Guarea cartaguenya,100,1600,1500
Guarea glabra,1000,1900,900
Guarea grandifolia,500,2100,1600
Guarea guidonia,1200,1800,600
Guarea kunthiana,2100,3000,900
Guarea macrophylla,900,2400,1500
Guarea pterorhachis,100,1500,1400
Guarea purusana,0,1600,1600
Guarea pyriformis,0,100,100
Guarea silvatica,0,1400,1400
Guatteria amplifolia,600,600,0
Guatteria asplundiana,400,1400,1000
Guatteria blepharophylla,700,1900,1200
Guatteria cargadero,0,1900,1900
Guatteria cestrifolia,200,1000,800
Guatteria columbiana,1600,1600,0
Guatteria goudotiana,0,2200,2200
Guatteria hirsuta,1600,1900,300
Guatteria laurina,900,900,0
Guatteria megalophylla,600,2000,1400
Guatteria pittieri,0,1000,1000
Guatteria punctata,1300,2200,900
Guatteria recurvisepala,1300,1400,100
Guatteria schomburgkiana,0,700,700
Guazuma ulmifolia,1200,3400,2200
Guettarda aromatica,0,1800,1800
Guettarda crispiflora,1100,2800,1700
Guettarda dependens,600,2700,2100
Guettarda malacophylla,400,400,0
Guettarda roupalifolia,0,0,0
Guettarda tournefortiopsis,0,1800,1800
Gustavia dubia,400,400,0
Gustavia hexapetala,100,900,800
Gustavia nana,500,500,0
Gustavia poeppigiana,0,900,900
Gustavia romeroi,700,700,0
Gustavia speciosa,0,1300,1300
Gustavia superba,1500,1700,200
Gyrocarpus americanus,1100,1100,0
Handroanthus chrysanthus,0,2000,2000
Handroanthus impetiginosus,0,1600,1600
Handroanthus ochraceus,0,1300,1300
Handroanthus serratifolius,0,1100,1100
Hasseltia floribunda,1600,2300,700
Hasseltia lateriflora,0,0,0
Hebeclinium phoenicticum,600,600,0
Hebepetalum humiriifolium,0,800,800
Hedyosmum angustifolium,0,2700,2700
Hedyosmum bonplandianum,2100,2200,100
Hedyosmum crenatum,200,1400,1200
Hedyosmum cuatrecazanum,700,2800,2100
Hedyosmum cumbalense,1000,2100,1100
Hedyosmum gentryi,0,700,700
Hedyosmum goudotianum,800,2200,1400
Hedyosmum maximum,0,1800,1800
Hedyosmum parvifolium,400,700,300
Hedyosmum racemosum,2100,3000,900
Hedyosmum scaberrimum,0,1500,1500
Hedyosmum sprucei,0,2700,2700
Hedyosmum translucidum,300,1600,1300
Heisteria acuminata,900,2100,1200
Heisteria latifolia,0,800,800
Heliconia nigripraefixa,100,500,400
Helicostylis scabra,0,900,900
Helicostylis tomentosa,600,1900,1300
Helicostylis tovarensis,800,1700,900
Helicteres baruensis,1000,1200,200
Heliocarpus americanus,400,2800,2400
Henriettea fissanthera,500,500,0
Henriettea trachyphylla,1200,1300,100
Henriettea verrucosa,0,1100,1100
Herrania balaensis,0,600,600
Herrania laciniifolia,0,0,0
Herrania purpurea,200,200,0
Hesperomeles ferruginea,1300,2500,1200
Hesperomeles goudotiana,700,1400,700
Hesperomeles obtusifolia,1500,2300,800
Hieronyma alchorneoides,1500,2400,900
Hieronyma antioquensis,700,700,0
Hieronyma duquei,300,2200,1900
Hieronyma fendleri,500,2200,1700
Hieronyma huilensis,1100,1500,400
Hieronyma macrocarpa,0,2200,2200
Hieronyma oblonga,1900,2800,900
Hieronyma rufa,0,400,400
Hieronyma scabrida,500,1300,800
Hillia parasitica,500,2400,1900
Himatanthus articulatus,500,1200,700
Hippotis albiflora,0,1600,1600
Hippotis brevipes,0,2100,2100
Hirtella bicornis,0,900,900
Hirtella mutisii,400,900,500
Hirtella pilosissima,0,900,900
Hirtella racemosa,400,1300,900
Hirtella triandra,100,2500,2400
Hirtella tubiflora,0,100,100
Hoffmannia longipetiolata,0,1900,1900
Hortia brasiliana,0,500,500
Huberodendron patinoi,200,1000,800
Huertea granadina,100,100,0
Humiriastrum colombianum,0,400,400
Hura crepitans,0,1800,1800
Hymenaea courbaril,600,1700,1100
Hymenaea oblongifolia,300,700,400
Hymenopus heteromorphus,0,1400,1400
Hyospathe elegans,400,2100,1700
Hyptidendron arboreum,0,1600,1600
Ilex danielis,400,1100,700
Ilex guayusa,0,2500,2500
Ilex karstenii,300,300,0
Ilex laurina,0,2000,2000
Ilex myricoides,100,1300,1200
Ilex nervosa,700,1900,1200
Ilex pernervata,700,1100,400
Ilex pustulosa,0,0,0
Inga acreana,1000,2200,1200
Inga acrocephala,1100,2000,900
Inga acuminata,0,1100,1100
Inga alba,700,1500,800
Inga capitata,400,2600,2200
Inga chartacea,0,1400,1400
Inga cinnamomea,0,1400,1400
Inga cocleensis,0,1500,1500
Inga coruscans,100,2300,2200
Inga densiflora,0,2900,2900
Inga edulis,400,2200,1800
Inga heterophylla,200,1800,1600
Inga lallensis,0,2200,2200
Inga laurina,0,2000,2000
Inga lopadadenia,0,900,900
Inga macrophylla,0,1800,1800
Inga marginata,1400,2500,1100
Inga mucuna,0,800,800
Inga multijuga,0,1800,1800
Inga multinervis,0,1200,1200
Inga nobilis,1400,2400,1000
Inga oerstediana,1400,2000,600
Inga pezizifera,0,1700,1700
Inga punctata,1300,2300,1000
Inga ruiziana,1000,2000,1000
Inga sapindoides,600,1900,1300
Inga sertulifera,0,1300,1300
Inga sierrae,700,1200,500
Inga spectabilis,0,2000,2000
Inga stenoptera,0,2700,2700
Inga striata,0,2300,2300
Inga thibaudiana,800,1800,1000
Inga umbellifera,400,1600,1200
Inga velutina,0,1800,1800
Inga venusta,0,1300,1300
Inga vera,0,1800,1800
Inga villosissima,0,1500,1500
Iriartea deltoidea,900,1800,900
Iryanthera hostmannii,200,600,400
Iryanthera paraensis,100,1600,1500
Iryanthera ulei,200,1200,1000
Isertia laevis,900,2000,1100
Isidodendron tripterocarpum,100,100,0
Jacaranda caucana,1600,1900,300
Jacaranda copaia,500,2300,1800
Jacaranda glabra,0,2400,2400
Jacaranda hesperia,0,1100,1100
Jacaranda mimosifolia,0,1800,1800
Jacaranda obtusifolia,0,600,600
Jacaratia chocoensis,0,600,600
Jacaratia digitata,0,2100,2100
Joosia umbellifera,0,1800,1800
Juglans neotropica,700,2500,1800
Klarobelia anomala,100,100,0
Lacistema aggregatum,0,1800,1800
Lacistema nena,0,900,900
Lacmellea edulis,0,1600,1600
Lacunaria crenata,0,200,200
Ladenbergia macrocarpa,0,2400,2400
Ladenbergia magdalenae,800,800,0
Ladenbergia muzonensis,900,1500,600
Ladenbergia oblongifolia,1600,2300,700
Lafoensia acuminata,0,2000,2000
Lecointea amazonica,600,700,100
Lecythis ampla,0,800,800
Lecythis mesophylla,600,600,0
Lecythis minor,0,100,100
Lecythis tuyrana,0,500,500
Leonia glycycarpa,300,1500,1200
Leonia triandra,600,700,100
Leucaena trichodes,0,1700,1700
Licania hypoleuca,200,900,700
Licania micrantha,100,900,800
Licaria applanata,0,1900,1900
Licaria canella,0,2000,2000
Licaria cannella,0,2000,2000
Licaria triandra,0,1500,1500
Lindackeria laurina,0,1000,1000
Lindackeria paludosa,300,800,500
Lippia americana,0,500,500
Lippia hirsuta,700,1900,1200
Lonchocarpus macrophyllus,0,0,0
Lonchocarpus sericeus,0,400,400
Lozanella enantiophylla,800,2000,1200
Lozania mutisiana,500,2000,1500
Luehea seemannii,0,1200,1200
Lunania parviflora,0,2300,2300
Lycianthes inaequilatera,1300,2000,700
Lycianthes pauciflora,1500,2200,700
Mabea occidentalis,0,1500,1500
Mabea trianae,300,600,300
Machaerium biovulatum,300,1200,900
Machaerium capote,700,1100,400
Machaerium floribundum,200,1400,1200
Machaerium hirtum,200,1800,1600
Machaerium lanceolatum,300,300,0
Machaerium moritzianum,400,400,0
Macleania rupestris,0,2400,2400
Maclura tinctoria,1200,3600,2400
Macrocarpaea glabra,1400,1900,500
Macrocarpaea macrophylla,1600,2000,400
Macrocnemum grandiflorum,100,100,0
Macrocnemum roseum,300,2400,2100
Macrohasseltia macroterantha,400,400,0
Macrolobium colombianum,500,1600,1100
Macrolobium gracile,100,1500,1400
Macrolobium pittieri,200,200,0
Magnolia cespedesii,0,0,0
Magnolia chimantensis,0,0,0
Magnolia espinalii,300,300,0
Magnolia silvioi,900,900,0
Magnolia urraoensis,1100,1100,0
Magnolia yarumalensis,400,400,0
Malouetia guatemalensis,400,400,0
Malpighia glabra,200,1300,1100
Manilkara bidentata,0,1800,1800
Maprounea guianensis,0,1200,1200
Maquira guianensis,300,900,600
Marcgraviastrum macrocarpum,0,1500,1500
Margaritaria nobilis,700,2000,1300
Marila geminata,200,200,0
Marila laxiflora,0,2300,2300
Marila podantha,200,1000,800
Matayba adenanthera,1200,1200,0
Matayba arborescens,0,1000,1000
Matayba camptoneura,0,1000,1000
Matayba elegans,0,2300,2300
Matayba guianensis,700,1600,900
Matayba peruviana,0,1700,1700
Matayba purgans,0,500,500
Matayba scrobiculata,0,300,300
Matisia castano,0,600,600
Matisia cornu-copiae,0,700,700
Matisia floccosa,0,900,900
Matisia idroboi,0,1300,1300
Matudaea colombiana,0,0,0
Mauria ferruginea,0,2500,2500
Mauria heterophylla,0,3000,3000
Mayna grandifolia,0,1400,1400
Mayna odorata,900,1700,800
Mayna suaveolens,0,0,0
Maytenus longipes,100,100,0
Maytenus verticillata,0,2300,2300
Melicoccus bijugatus,500,1500,1000
Melicoccus oliviformis,0,300,300
Meliosma echeverryana,0,1300,1300
Meliosma frondosa,800,2700,1900
Meliosma glossophylla,0,1700,1700
Meliosma occidentalis,0,1500,1500
Annona edulis,0,1500,1500
Annona jahnii,0,500,500
Annona montana,0,900,900
Annona mucosa,1200,2500,1300
Annona muricata,1000,3400,2400
Annona papilionella,700,1600,900
Annona quinduensis,500,1900,1400
Annona rensoniana,0,1600,1600
Aparisthmium cordatum,1000,2000,1000
Apeiba glabra,0,1100,1100
Apeiba membranacea,500,1100,600
Apeiba tibourbou,200,800,600
Aphelandra glabrata,300,1200,900
Aphelandra lasiophylla,100,100,0
Aphelandra pulcherrima,0,1200,1200
Aphelandra runcinata,1200,1300,100
Aphelandra scolnikiae,200,200,0
Aptandra tubicina,100,700,600
Arachnothryx colombiana,300,1400,1100
Aralia excelsa,0,0,0
Ardisia foetida,0,2900,2900
Ardisia guianensis,500,2300,1800
Aspidosperma cuspa,0,600,600
Aspidosperma desmanthum,300,1500,1200
Aspidosperma excelsum,200,1000,800
Aspidosperma megalocarpon,0,1100,1100
Aspidosperma parvifolium,0,1100,1100
Aspidosperma polyneuron,0,2200,2200
Aspidosperma spruceanum,300,1400,1100
Astrocaryum malybo,600,600,0
Astrocaryum triandrum,0,0,0
Astronium graveolens,400,1200,800
Astronium lecointei,0,1100,1100
Meliosma schlimii,0,1300,1300
Meliosma vasquezii,0,1700,1700
Meliosma violacea,0,1800,1800
Meriania albertiae,400,400,0
Meriania brachycera,700,1300,600
Meriania grandidens,0,1200,1200
Meriania longifolia,1300,2000,700
Meriania nobilis,100,1200,1100
Meriania quintuplinervis,0,1100,1100
Meriania tomentosa,100,1700,1600
Miconia acanthocoryne,100,100,0
Miconia affinis,600,2000,1400
Miconia albicans,100,2000,1900
Miconia alternans,0,1600,1600
Miconia aponeura,0,1100,1100
Miconia asperrima,300,1100,800
Miconia astroplocama,0,1800,1800
Miconia biappendiculata,400,800,400
Miconia brachycalyx,400,1600,1200
Miconia bracteolata,200,2300,2100
Miconia brevitheca,300,3000,2700
Miconia caesia,1400,1400,0
Miconia calvescens,0,2400,2400
Miconia caudata,0,1900,1900
Miconia centrodesma,500,2300,1800
Miconia chlorocarpa,300,800,500
Miconia chrysophylla,0,1800,1800
Miconia cladonia,1200,1800,600
Miconia costaricensis,200,1500,1300
Miconia crassinervia,0,700,700
Miconia cundinamarcensis,700,1100,400
Miconia decurrens,0,1000,1000
Miconia divergens,0,0,0
Miconia dodecandra,700,1800,1100
Miconia dolichopoda,1300,1500,200
Miconia dolichorrhyncha,1300,2500,1200
Miconia donaeana,0,500,500
Miconia elata,400,3400,3000
Miconia floribunda,200,1600,1400
Miconia fragrans,0,700,700
Miconia goniostigma,600,1800,1200
Miconia gracilis,400,1900,1500
Miconia ibaguensis,0,2200,2200
Miconia incachacana,0,500,500
Miconia jahnii,600,2700,2100
Miconia laetivirens,0,0,0
Miconia lamprophylla,0,1300,1300
Miconia latifolia,0,3200,3200
Miconia lehmannii,2100,3100,1000
Miconia ligustrina,900,1500,600
Miconia lonchophylla,800,2000,1200
Miconia longifolia,0,1700,1700
Miconia matthaei,0,1300,1300
Miconia minutiflora,1300,1600,300
Miconia mirabilis,0,500,500
Miconia multiplinervia,0,1300,1300
Miconia myriantha,0,600,600
Miconia myrtillifolia,900,2100,1200
Miconia notabilis,0,1000,1000
Miconia ochracea,0,2800,2800
Miconia orcheotoma,100,200,100
Miconia plena,600,600,0
Miconia poeppigii,200,1400,1200
Miconia prasina,800,3400,2600
Miconia pterocaulon,0,1200,1200
Miconia punctata,1800,2000,200
Miconia pustulata,0,1200,1200
Miconia quintuplinervia,700,700,0
Miconia reducens,0,1900,1900
Miconia resima,900,2300,1400
Miconia rupticalyx,0,300,300
Miconia sandemanii,1000,1000,0
Miconia serrulata,300,1700,1400
Miconia smaragdina,1300,2100,800
Miconia spicellata,700,1200,500
Miconia splendens,700,3700,3000
Miconia superposita,0,400,400
Miconia ternatifolia,0,2200,2200
Miconia theizans,1300,3300,2000
Miconia tinifolia,1200,1500,300
Miconia tonduzii,0,0,0
Miconia trinervia,0,1700,1700
Miconia voronovii,0,0,0
Miconia wurdackii,800,1100,300
Micropholis egensis,0,1000,1000
Micropholis guyanensis,900,1800,900
Micropholis melinoniana,0,900,900
Micropholis venulosa,800,1600,800
Minquartia guianensis,600,1300,700
Mollinedia killipii,0,1700,1700
Mollinedia lanceolata,0,2400,2400
Mollinedia minutiflora,0,0,0
Mollinedia ovata,600,2600,2000
Mollinedia repanda,0,2900,2900
Mollinedia tomentosa,0,1800,1800
Monnina aestuans,0,2500,2500
Morella parvifolia,0,2200,2200
Morella pubescens,1100,3300,2200
Morisonia americana,1100,1100,0
Morisonia oblongifolia,0,1000,1000
Morus alba,0,1200,1200
Mosannona hypoglauca,0,0,0
Mouriri nigra,0,1000,1000
Muntingia calabura,300,3200,2900
Myrcia cucullata,0,0,0
Myrcia paivae,1000,3400,2400
Myrcia paive,1000,3400,2400
Myrcia popayanensis,1500,1800,300
Myrcia splendens,2000,2900,900
Myrcia sylvatica,0,2100,2100
Myrcianthes myrsinoides,0,1700,1700
Myrcianthes orthostemon,0,1700,1700
Myrcianthes rhopaloides,1000,2300,1300
Myriocarpa stipitata,400,2600,2200
Myroxylon balsamum,0,1500,1500
Myrsine andina,700,2100,1400
Myrsine coriacea,0,2800,2800
Myrsine dependens,1000,2600,1600
Myrsine guianensis,600,3300,2700
Myrsine latifolia,1700,2600,900
Myrsine oligophylla,0,1700,1700
Myrsine pellucida,1900,3100,1200
Myrsine pellucidopunctata,1500,1500,0
Naucleopsis capirensis,1300,1500,200
Naucleopsis glabra,0,2000,2000
Naucleopsis naga,0,1400,1400
Naucleopsis ulei,0,1500,1500
Nectandra acutifolia,1300,2000,700
Nectandra cuspidata,700,2100,1400
Nectandra laurel,1000,2000,1000
Nectandra lineata,0,1300,1300
Nectandra lineatifolia,300,1600,1300
Nectandra membranacea,0,2800,2800
Nectandra obtusata,0,1400,1400
Nectandra reticulata,1800,3300,1500
Neea amplifolia,0,1300,1300
Neea divaricata,600,1800,1200
Neea floribunda,0,1400,1400
Neea parviflora,0,800,800
Neea spruceana,0,1300,1300
Neea virens,0,1400,1400
Norantea guianensis,100,1800,1700
Notopleura macrophylla,1900,2700,800
Notopleura siggersiana,700,1800,1100
Ochroma pyramidale,1200,3200,2000
Ocotea aciphylla,1300,2400,1100
Ocotea bofo,500,2300,1800
Ocotea cernua,800,1800,1000
Ocotea floribunda,1200,2700,1500
Ocotea guianensis,300,3100,2800
Ocotea insularis,500,2000,1500
Ocotea javitensis,0,2100,2100
Ocotea leucoxylon,1200,1700,500
Ocotea longifolia,1300,2300,1000
Ocotea macropoda,1200,1200,0
Ocotea micans,0,1800,1800
Ocotea multinervis,0,0,0
Ocotea oblonga,1200,1900,700
Ocotea puberula,100,2800,2700
Ocotea sericea,0,2200,2200
Ocotea smithiana,600,1500,900
Ocotea tessmannii,0,1400,1400
Oenocarpus bacaba,0,100,100
Oenocarpus bataua,600,1200,600
Oenocarpus mapora,0,2800,2800
Oenocarpus minor,100,900,800
Olmedia aspera,1200,3000,1800
Oreopanax bogotensis,1400,1700,300
Oreopanax capitatus,0,2200,2200
Oreopanax discolor,1000,1600,600
Oreopanax incisus,0,2200,2200
Oreopanax microflorous,0,1600,1600
Oreopanax palamophyllus,0,2100,2100
Ormosia antioquensis,800,800,0
Ormosia cuatrecasasii,200,200,0
Orthaea glandulifera,1100,1100,0
Ossaea micrantha,0,2000,2000
Osteophloeum platyspermum,100,1300,1200
Otoba gordoniifolia,300,1600,1300
Otoba novogranatensis,1500,1600,100
Otoba parvifolia,0,2400,2400
Ouratea amplifolia,0,1100,1100
Ouratea pendula,0,500,500
Ouratea rubricyanea,400,400,0
Oxandra longipetala,0,0,0
Oxandra panamensis,200,200,0
Oxandra venezuelana,700,700,0
Pachira mutisiana,200,200,0
Palicourea acetosoides,1300,1600,300
Palicourea amethystina,700,2700,2000
Palicourea andaluciana,0,2100,2100
Palicourea angustifolia,400,2100,1700
Palicourea apicata,0,2100,2100
Palicourea calophlebia,0,800,800
Palicourea cogolloi,800,1700,900
Palicourea demissa,1400,2700,1300
Palicourea garciae,300,3200,2900
Palicourea guianensis,1600,3400,1800
Palicourea latifolia,0,800,800
Palicourea leuconeura,1600,1600,0
Palicourea luteonivea,0,1700,1700
Palicourea lyristipula,400,3000,2600
Palicourea obovata,0,3200,3200
Palicourea perquadrangularis,900,1600,700
Palicourea pyramidalis,700,1800,1100
Palicourea rigidifolia,1000,1000,0
Palicourea stipularis,700,2700,2000
Palicourea sulphurea,400,2200,1800
Palicourea thyrsiflora,1300,2700,1400
Palicourea weberbaueri,700,2200,1500
Panopsis metcalfii,0,500,500
Panopsis mucronata,0,800,800
Panopsis polystachya,0,2100,2100
Panopsis rubescens,0,2300,2300
Panopsis suaveolens,300,1000,700
Panopsis yolombo,1200,1200,0
Paragynoxys corei,100,100,0
Parathesis adenanthera,100,1400,1300
Parinari pachyphylla,0,0,0
Passiflora arborea,100,2300,2200
Passiflora macrophylla,100,1800,1700
Paullinia capreolata,0,1800,1800
Pausandra trianae,0,700,700
Peltogyne paniculata,0,1000,1000
Peltogyne purpurea,100,100,0
Pentacalia theifolia,0,1000,1000
Pentagonia grandiflora,0,1200,1200
Pentagonia macrophylla,0,1300,1300
Peperomia elongata,0,1400,1400
Pera arborea,0,1200,1200
Pera colombiana,600,600,0
Pera glabrata,100,1100,1000
Perebea angustifolia,0,1700,1700
Perebea guianensis,1100,1900,800
Perebea xanthochyma,800,1700,900
Perissocarpa steyermarkii,0,300,300
Perrottetia sessiliflora,0,1100,1100
Persea americana,500,3300,2800
Persea areolatocostae,700,2600,1900
Persea caerulea,1500,3100,1600
Persea chrysophylla,1000,1000,0
Persea cuneata,0,800,800
Persea ferruginea,100,600,500
Persea mutisii,100,1800,1700
Persea pseudofasciculata,0,1600,1600
Persea rigens,0,1200,1200
Persea subcordata,300,2100,1800
Petrea pubescens,0,3500,3500
Pholidostachys dactyloides,500,1300,800
Phyllanthus acuminatus,0,1700,1700
Phyllanthus attenuatus,1000,1700,700
Picramnia sellowii,0,2800,2800
Picrolemma huberi,900,900,0
Pinus patula,300,1900,1600
Piper adenandrum,0,0,0
Axinaea colombiana,0,100,100
Axinaea lehmannii,1200,1700,500
Axinaea macrophylla,1100,1700,600
Axinaea scutigera,0,900,900
Baccharis brachylaenoides,800,2500,1700
Baccharis latifolia,700,3500,2800
Baccharis oblongifolia,1100,2200,1100
Bactris barronis,100,100,0
Bactris gasipaes,0,1500,1500
Bactris maraja,300,900,600
Bactris pilosa,500,500,0
Bactris setulosa,100,1500,1400
Banara glauca,1200,1300,100
Banara guianensis,1500,2900,1400
Banara ibaguensis,0,0,0
Batocarpus costaricensis,100,1100,1000
Bauhinia picta,0,2000,2000
Beilschmiedia costaricensis,0,1900,1900
Beilschmiedia latifolia,0,2200,2200
Beilschmiedia pendula,0,1500,1500
Beilschmiedia tovarensis,600,2700,2100
Bejaria aestuans,900,3400,2500
Bejaria resinosa,0,2000,2000
Bellucia grossularioides,0,1900,1900
Bellucia pentamera,900,2000,1100
Bertiera angustifolia,0,800,800
Besleria formosa,1400,2100,700
Billia rosea,1400,3600,2200
Blakea cuatrecasii,600,1300,700
Blakea holtonii,0,500,500
Piper aduncum,1000,3000,2000
Piper amalago,300,2200,1900
Piper arboreum,700,2400,1700
Piper archeri,900,2000,1100
Piper artanthe,1100,1800,700
Piper augustum,900,2200,1300
Piper barbatum,200,2900,2700
Piper carpunya,0,2000,2000
Piper cernuum,0,2100,2100
Piper crassinervium,1200,2600,1400
Piper daniel-gonzalezii,500,500,0
Piper divulgatum,1200,1200,0
Piper glanduligerum,0,1100,1100
Piper gorgonillense,600,1100,500
Piper grande,100,700,600
Piper imperiale,800,1100,300
Piper lacunosum,400,2500,2100
Piper longispicum,0,1100,1100
Piper marequitense,0,1600,1600
Piper munchanum,400,1500,1100
Piper nubigenum,0,2500,2500
Piper obliquum,0,2600,2600
Piper phytolaccifolium,0,2600,2600
Piper reticulatum,100,1300,1200
Piper scobinifolium,300,300,0
Piper tuberculatum,500,1900,1400
Piptocoma discolor,0,2900,2900
Pithecellobium dulce,1100,1500,400
Platymiscium darienense,1300,1300,0
Platymiscium hebestachyum,800,800,0
Platymiscium pinnatum,0,1400,1400
Platymiscium stipulare,0,1000,1000
Platypodium elegans,0,2200,2200
Pleuranthodendron lindenii,300,1100,800
Pleurothyrium cuneifolium,600,2200,1600
Pleurothyrium glabritepalum,0,0,0
Pleurothyrium trianae,100,1900,1800
Plumeria rubra,0,2400,2400
Podocarpus guatemalensis,0,1700,1700
Podocarpus oleifolius,1600,3100,1500
Poeppigia procera,0,200,200
Pogonopus speciosus,0,300,300
Polybotrya polybotryoides,0,1200,1200
Posoqueria coriacea,1500,3200,1700
Posoqueria latifolia,100,2400,2300
Potalia amara,400,1100,700
Poulsenia armata,800,1800,1000
Pourouma bicolor,700,1600,900
Pourouma cecropiifolia,900,2000,1100
Pourouma guianensis,0,1700,1700
Pourouma hirsutipetiolata,0,900,900
Pourouma melinonii,0,1600,1600
Pourouma minor,700,3000,2300
Pouteria baehniana,1000,1900,900
Pouteria bangii,0,1800,1800
Pouteria bilocularis,0,1700,1700
Pouteria caimito,200,2100,1900
Pouteria cuspidata,200,1500,1300
Pouteria durlandii,600,1000,400
Pouteria glomerata,0,1200,1200
Pouteria guianensis,0,0,0
Pouteria lucuma,500,2100,1600
Pouteria multiflora,100,1600,1500
Pouteria reticulata,0,1000,1000
Pouteria sapota,0,0,0
Pouteria stipitata,0,0,0
Pouteria subrotata,0,100,100
Pouteria torta,1400,3500,2100
Pradosia colombiana,600,600,0
Praecereus euchlorus,0,1400,1400
Prestoea acuminata,1000,2200,1200
Prestoea decurrens,500,1000,500
Prestoea ensiformis,0,1800,1800
Prionostemma asperum,100,300,200
Protium altsonii,0,3300,3300
Protium amplum,900,1100,200
Protium apiculatum,0,800,800
Protium aracouchini,600,1300,700
Protium colombianum,1200,1200,0
Protium divaricatum,0,1200,1200
Protium ecuadorense,0,1700,1700
Protium guianense,0,400,400
Protium macrophyllum,0,500,500
Protium opacum,0,1600,1600
Protium panamense,0,0,0
Protium sagotianum,300,1000,700
Protium spruceanum,100,1300,1200
Protium subserratum,500,1000,500
Protium tenuifolium,300,1500,1200
Protium tovarense,800,1400,600
Protium unifoliolatum,0,900,900
Prumnopitys montana,0,2400,2400
Prunus debilis,600,2800,2200
Prunus integrifolia,0,2200,2200
Prunus myrtifolia,0,0,0
Prunus opaca,1100,1400,300
Prunus subcorymbosa,0,1800,1800
Psammisia graebneriana,100,1400,1300
Psammisia macrophylla,1000,1600,600
Pseudobombax septenatum,200,1200,1000
Pseudolmedia laevigata,1300,1800,500
Pseudolmedia laevis,1000,2400,1400
Pseudolmedia rigida,0,2800,2800
Pseudomalmea boyacana,0,0,0
Pseudoxandra pacifica,0,0,0
Pseudoxandra sclerocarpa,900,900,0
Psidium cattleyanum,2200,2200,0
Psidium guineense,800,2600,1800
Psychotria biaristata,0,300,300
Psychotria brachiata,1000,1200,200
Psychotria capitata,0,1100,1100
Psychotria cauligera,0,800,800
Psychotria ernestii,0,1200,1200
Psychotria fortuita,400,1000,600
Psychotria grandis,0,0,0
Psychotria horizontalis,0,1000,1000
Psychotria micrantha,400,2100,1700
Psychotria monsalveae,1000,1000,0
Psychotria officinalis,500,600,100
Psychotria panamensis,700,1100,400
Psychotria remota,1000,1800,800
Psychotria saltatrix,100,400,300
Pterandra colombiana,100,100,0
Pterocarpus acapulcensis,1000,1000,0
Pterocarpus officinalis,600,1100,500
Pterocarpus rohrii,200,900,700
Pterygota colombiana,700,700,0
Quadrella odoratissima,100,1000,900
Qualea lineata,800,800,0
Qualea paraensis,100,700,600
Quararibea cogolloi,0,0,0
Quararibea pterocalyx,0,0,0
Quercus humboldtii,2300,2400,100
Quiina florida,400,2000,1600
Quiina macrophylla,0,200,200
Quiina pteridophylla,0,300,300
Randia armata,700,3200,2500
Randia hondensis,700,700,0
Rauvolfia leptophylla,200,2100,1900
Retrophyllum rospigliosii,500,3200,2700
Rhodostemonodaphne kunthiana,900,2000,1100
Rhodostemonodaphne laxa,0,700,700
Rhodostemonodaphne velutina,0,0,0
Richeria grandis,1300,2100,800
Rinorea dasyadena,400,400,0
Rinorea haughtii,0,0,0
Rinorea hirsuta,300,300,0
Rinorea lindeniana,0,1000,1000
Rinorea paniculata,100,600,500
Rinorea pubiflora,0,500,500
Rinorea sylvatica,100,100,0
Rinorea viridifolia,300,1400,1100
Rinoreocarpus ulei,0,1000,1000
Ronabea latifolia,400,1200,800
Roucheria columbiana,100,600,500
Roucheria laxiflora,100,1100,1000
Roupala monosperma,300,2000,1700
Roupala montana,600,2200,1600
Ruagea glabra,1000,3100,2100
Ruagea hirsuta,600,2500,1900
Ruagea pubescens,0,1300,1300
Rudgea cornifolia,700,1800,1100
Rudgea sclerocalyx,2300,2300,0
Ruprechtia tenuiflora,100,100,0
Rustia occidentalis,0,0,0
Ryania spruceana,100,400,300
Salacia cordata,0,1700,1700
Sambucus nigra,0,2200,2200
Sapindus saponaria,1500,2400,900
Sapium glandulosum,1900,3800,1900
Sapium laurifolium,0,1700,1700
Sapium marmieri,0,2100,2100
Sapium stylare,0,3000,3000
Sarcaulus brasiliensis,0,1600,1600
Saurauia brachybotrys,2000,2100,100
Saurauia bullosa,0,1900,1900
Saurauia cuatrecasana,1200,2400,1200
Saurauia laevigata,0,800,800
Saurauia prainiana,0,1800,1800
Saurauia scabra,700,2700,2000
Saurauia stapfiana,0,1300,1300
Saurauia tomentosa,700,1800,1100
Saurauia ursina,1600,2500,900
Schefflera bejucosa,2200,2200,0
Schefflera bogotensis,1100,1400,300
Schefflera jahnii,0,0,0
Schefflera minutiflora,600,900,300
Schizocalyx bracteosa,200,1400,1200
Schizolobium parahyba,100,800,700
Schnella glabra,0,1300,1300
Senefeldera testiculata,0,900,900
Senegalia polyphylla,500,1400,900
Senegalia riparia,200,2900,2700
Senna bacillaris,0,1500,1500
Senna ruiziana,0,1500,1500
Senna silvestris,600,1200,600
Senna spectabilis,500,2800,2300
Sideroxylon obtusifolium,0,1900,1900
Simarouba amara,1300,1800,500
Simira cordifolia,300,900,600
Simira rubescens,0,800,800
Siparuna aspera,1400,2600,1200
Siparuna cervicornis,200,1000,800
Siparuna conica,100,1700,1600
Siparuna decipiens,0,1300,1300
Siparuna echinata,600,1800,1200
Siparuna gigantotepala,0,1300,1300
Siparuna guianensis,700,1300,600
Siparuna laurifolia,0,1500,1500
Siparuna lepidota,900,2000,1100
Siparuna mutisii,700,1100,400
Siparuna thecaphora,1700,2500,800
Siphoneugena dussii,0,1400,1400
Sisyrinchium micranthum,300,2100,1800
Sloanea brevispina,0,1200,1200
Sloanea durissima,0,2000,2000
Sloanea eichleri,0,800,800
Sloanea fragrans,200,2300,2100
Sloanea gracilis,800,1400,600
Sloanea guianensis,700,2000,1300
Sloanea latifolia,0,800,800
Sloanea pubescens,0,1400,1400
Sloanea robusta,0,200,200
Sloanea rufa,0,1900,1900
Sloanea terniflora,0,900,900
Sloanea tuerckheimii,400,1800,1400
Socratea exorrhiza,400,3600,3200
Socratea rostrata,400,1300,900
Solanum allophyllum,0,0,0
Solanum anceps,1200,2900,1700
Solanum aphyodendron,0,2700,2700
Solanum arboreum,0,1900,1900
Solanum asperolanatum,2300,2800,500
Solanum hypaleurotrichum,0,2900,2900
Solanum lepidotum,500,2200,1700
Solanum microleprodes,0,700,700
Solanum nutans,0,2800,2800
Solanum oblongifolium,1200,2100,900
Solanum umbellatum,0,1100,1100
Sorocea affinis,1300,1300,0
Sorocea pubivena,1000,1500,500
Sorocea sprucei,200,1200,1000
Sorocea steinbachii,0,2600,2600
Sorocea trophoides,1000,1600,600
Sphaeropteris quindiuensis,100,1800,1700
Spirotheca rosea,200,1300,1100
Spondias mombin,0,1400,1400
Spondias radlkoferi,0,900,900
Staphylea occidentalis,700,3200,2500
Stenosepala hirsuta,900,900,0
Stenostomum acreanum,0,300,300
Stephanopodium angulatum,100,300,200
Stephanopodium aptotum,0,0,0
Sterculia apetala,200,2300,2100
Blakea quadrangularis,0,2400,2400
Bocconia frutescens,1500,2500,1000
Bocconia integrifolia,1200,2900,1700
Boehmeria caudata,900,2700,1800
Boehmeria ulmifolia,0,2400,2400
Bomarea multiflora,0,2800,2800
Bonamia trichantha,400,800,400
Brachycylix vageleri,500,500,0
Brosimum alicastrum,200,1800,1600
Brosimum guianense,800,2400,1600
Brosimum lactescens,600,1400,800
Brosimum rubescens,100,900,800
Brosimum utile,200,1900,1700
Brownea multijuga,0,600,600
Brownea rosa-de-monte,0,500,500
Brownea santanderensis,0,0,0
Brunellia acostae,500,1600,1100
Brunellia boqueronensis,100,100,0
Brunellia comocladifolia,1000,2100,1100
Brunellia dulcis,0,900,900
Brunellia sibundoya,0,1600,1600
Brunellia subsessilis,1300,1300,0
Brunellia trianae,1000,1000,0
Bucquetia glutinosa,1100,1500,400
Sterculia pruriens,0,500,500
Sterculia speciosa,0,0,0
Sterigmapetalum colombianum,0,0,0
Sterigmapetalum tachirense,0,0,0
Stilpnophyllum oellgaardii,600,2300,1700
Strychnos guianensis,0,500,500
Strychnos toxifera,0,300,300
Stryphnodendron microstachyum,0,600,600
Styloceras laurifolium,0,3000,3000
Stylogyne ardisioides,0,2400,2400
Stylogyne longifolia,100,1100,1000
Stylogyne turbacensis,200,1200,1000
Styphnolobium sporadicum,0,0,0
Styrax davillifolius,2300,2300,0
Styrax pavonii,800,2300,1500
Styrax pentlandianus,0,2200,2200
Styrax tomentosus,600,1300,700
Swartzia amplifolia,600,600,0
Swartzia colombiana,300,300,0
Swartzia macrophylla,0,1300,1300
Swartzia myrtifolia,100,2300,2200
Swartzia oraria,0,800,800
Swartzia robiniifolia,300,300,0
Swartzia schultesii,0,100,100
Swartzia simplex,200,1400,1200
Swietenia macrophylla,200,1200,1000
Symbolanthus pterocalyx,1800,1800,0
Symphonia globulifera,500,1900,1400
Symplocos bogotensis,0,1600,1600
Symplocos flosfragrans,500,900,400
Symplocos phaeoneura,1200,1200,0
Symplocos theiformis,1000,1100,100
Tabebuia ochracea,0,0,0
Tabebuia rosea,800,1600,800
Tabernaemontana columbiensis,0,700,700
Tabernaemontana cymosa,200,1500,1300
Tabernaemontana grandiflora,0,1000,1000
Tabernaemontana markgrafiana,0,400,400
Tabernaemontana sananho,1100,2100,1000
Tachia parviflora,400,1200,800
Talisia cerasina,0,1400,1400
Talisia hexaphylla,0,1100,1100
Talisia nervosa,0,600,600
Tapirira guianensis,1700,2000,300
Tapura colombiana,100,700,600
Tapura guianensis,0,900,900
Terminalia amazonia,700,1900,1200
Terminalia oblonga,800,2300,1500
Terminalia tetraphylla,600,1200,600
Ternstroemia macrocarpa,300,1400,1100
Ternstroemia meridionalis,200,2200,2000
Tessaria integrifolia,1100,3200,2100
Tetragastris altissima,200,900,700
Tetragastris panamensis,500,1500,1000
Tetrathylacium macrophyllum,1000,2000,1000
Tetrorchidium andinum,200,1700,1500
Tetrorchidium euryphyllum,0,1100,1100
Tetrorchidium macrophyllum,0,1600,1600
Tetrorchidium rubrivenium,900,2300,1400
Theobroma cacao,200,1500,1300
Theobroma glaucum,200,900,700
Tournefortia cuspidata,100,800,700
Tournefortia fuliginosa,0,2200,2200
Tournefortia scabrida,0,3000,3000
Tovomita carinata,0,300,300
Tovomita choisyana,0,1000,1000
Tovomita spruceana,0,400,400
Tovomita stylosa,0,1300,1300
Tovomita trojitana,0,600,600
Toxicodendron striatum,300,1900,1600
Trattinnickia aspera,0,900,900
Trattinnickia lawrancei,0,800,800
Trema integerrima,0,500,500
Trema micrantha,1900,2800,900
Trichilia cipo,0,0,0
Trichilia elegans,700,2500,1800
Trichilia hirta,0,1700,1700
Trichilia martiana,800,1100,300
Trichilia maynasiana,0,1800,1800
Trichilia micrantha,100,1300,1200
Trichilia moschata,200,200,0
Trichilia pallida,1400,2400,1000
Trichilia pleeana,600,2300,1700
Trichilia poeppigii,100,1400,1300
Trichilia quadrijuga,200,1000,800
Trichilia schomburgkii,0,300,300
Trichilia septentrionalis,800,1800,1000
Trichospermum galeottii,400,1200,800
Triplaris americana,800,2400,1600
Triplaris cumingiana,0,1800,1800
Trophis racemosa,700,1000,300
Ulex europaeus,0,1000,1000
Unonopsis aviceps,900,900,0
Unonopsis guatterioides,0,1400,1400
Unonopsis pacifica,0,400,400
Unonopsis spectabilis,0,800,800
Urera baccifera,1500,2500,1000
Urera caracasana,0,2400,2400
Urera simplex,700,2600,1900
Uribea tamarindoides,100,100,0
Vachellia macracantha,800,2800,2000
Vallea stipularis,500,3700,3200
Varronia cylindrostachya,500,2800,2300
Vasconcellea goudotiana,0,400,400
Vasconcellea microcarpa,1600,2300,700
Vasconcellea pubescens,0,1500,1500
Verbesina arborea,0,1800,1800
Verbesina nudipes,0,2800,2800
Vernonanthura patens,1800,2800,1000
Viburnum anabaptista,1000,1000,0
Viburnum antioquiense,300,300,0
Viburnum ayavacense,0,1600,1600
Viburnum hallii,1000,3100,2100
Viburnum pichinchense,1300,2500,1200
Viburnum tinoides,600,2400,1800
Viburnum toronis,1400,2400,1000
Viburnum triphyllum,0,2700,2700
Viburnum undulatum,1500,1500,0
Virola calophylla,0,1800,1800
Virola dixonii,0,600,600
Virola elongata,0,1400,1400
Virola flexuosa,200,800,600
Virola macrocarpa,1300,1300,0
Virola reidii,0,800,800
Virola sebifera,1100,1600,500
Vismia baccifera,100,3500,3400
Vismia cayennensis,0,1300,1300
Vismia guianensis,1500,2300,800
Vismia laevis,400,400,0
Vismia lauriformis,0,2200,2200
Vismia lindeniana,0,0,0
Vismia macrophylla,200,1800,1600
Vismia sprucei,200,1500,1300
Vismia tomentosa,0,2300,2300
Vitex capitata,400,400,0
Vitex compressa,800,800,0
Vitex triflora,0,1800,1800
Vochysia ferruginea,0,1300,1300
Vochysia lehmannii,0,1100,1100
Vochysia megalantha,0,900,900
Warszewiczia coccinea,600,2100,1500
Warszewiczia uxpanapensis,0,100,100
Weinmannia auriculata,500,2700,2200
Weinmannia cochensis,0,1800,1800
Weinmannia elliptica,1700,2300,600
Weinmannia fagaroides,1000,2500,1500
Weinmannia lechleriana,0,1200,1200
Weinmannia mariquitae,0,2500,2500
Weinmannia microphylla,100,1900,1800
Weinmannia multijuga,0,2700,2700
Weinmannia pinnata,1400,3200,1800
Weinmannia pubescens,1000,2600,1600
Weinmannia reticulata,0,1400,1400
Weinmannia rollottii,0,1200,1200
Weinmannia sorbifolia,1300,2300,1000
Weinmannia tomentosa,1300,1400,100
Wettinia fascicularis,0,700,700
Wettinia hirsuta,1100,1100,0
Wettinia kalbreyeri,1200,1400,200
Wettinia microcarpa,500,500,0
Wettinia oxycarpa,0,400,400
Wettinia praemorsa,1400,3100,1700
Wettinia quinaria,0,3800,3800
Witheringia coccoloboides,0,2300,2300
Wittmackanthus stanleyanus,100,900,800
Xanthosoma sagittifolium,0,1800,1800
Xylopia amazonica,0,300,300
Xylopia aromatica,0,1300,1300
Xylopia discreta,900,900,0
Xylopia frutescens,0,800,800
Xylopia polyantha,0,800,800
Xylopia sericea,0,400,400
Zanthoxylum acuminatum,0,1300,1300
Zanthoxylum fagara,1100,2500,1400
Zanthoxylum formiciferum,0,200,200
Zanthoxylum lenticulare,1100,1100,0
Zanthoxylum melanostictum,0,900,900
Zanthoxylum quinduense,200,2200,2000
Zanthoxylum rhoifolium,800,3500,2700
Zanthoxylum rigidum,0,2300,2300
Zinowiewia australis,0,2300,2300
Zygia latifolia,100,1200,1100
Zygia multipunctata,100,100,0
Bunchosia argentea,0,2000,2000
Bunchosia armeniaca,1600,2200,600
Bunchosia hartwegiana,1000,1000,0
Bunchosia pseudonitida,200,1300,1100
Bursera graveolens,200,1900,1700
Bursera simaruba,0,1200,1200
Byrsonima arthropoda,200,2400,2200
Byrsonima garcibarrigae,0,700,700
Byrsonima nemoralis,800,800,0
Byrsonima spicata,300,2000,1700
Calatola costaricensis,900,2600,1700
Calliandra magdalenae,0,1400,1400
Calliandra purdiei,700,1100,400
Calliandra riparia,600,700,100
Calophyllum brasiliense,300,2100,1800
Calophyllum mariae,900,900,0
Calycolpus moritzianus,0,2600,2600
Cariniana pyriformis,1300,1300,0
Caryocar amygdaliferum,400,400,0
Caryocar glabrum,0,1700,1700
Caryocar pallidum,0,1200,1200
Caryodendron orinocense,700,1500,800
Casearia aculeata,600,1500,900
Casearia arborea,1000,2300,1300
Casearia arguta,1600,1600,0
Casearia cajambrensis,100,800,700
Casearia combaymensis,0,1000,1000
Casearia decandra,0,2100,2100
Casearia grandiflora,900,1100,200
Casearia mariquitensis,800,1700,900
Casearia megacarpa,700,1200,500
Casearia praecox,500,500,0
Casearia quinduensis,200,1000,800
Casearia sylvestris,1100,3000,1900
Casearia ulmifolia,400,1000,600
Casearia zahlbruckneri,0,500,500
Cassia moschata,500,1200,700
Cassipourea guianensis,300,1300,1000
Castilla elastica,200,1500,1300
Castilla tunu,400,1200,800
Cathedra acuminata,0,700,700
Catostemma digitata,200,200,0
Catostemma digitatum,200,200,0
Cavanillesia platanifolia,100,100,0
Cavendishia antioquiensis,500,500,0
Cavendishia bracteata,2300,3000,700
Cavendishia compacta,1300,1300,0
Cavendishia guatapeensis,1600,1600,0
Cavendishia pubescens,0,3300,3300
Cecropia angustifolia,900,1900,1000
Cecropia engleriana,0,2600,2600
Cecropia gabrielis,0,700,700
Cecropia hispidissima,0,900,900
Cecropia insignis,900,900,0
Cecropia membranacea,0,1100,1100
Cecropia obtusifolia,1500,1800,300
Cecropia peltata,1400,1600,200
Cecropia reticulata,700,1300,600
Cecropia telenitida,200,1900,1700
Cedrela fissilis,0,3100,3100
Cedrela lilloi,0,1500,1500
Cedrela montana,0,2600,2600
Cedrela odorata,1100,3400,2300
Ceiba pentandra,0,1800,1800
Ceiba speciosa,0,1400,1400
Celtis iguanaea,1100,2000,900
Centronia laurifolia,0,1500,1500
Ceroxylon quindiuense,0,1200,1200
Ceroxylon vogelianum,0,1900,1900
Cespedesia spathulata,400,1900,1500
Cestrum bigibbosum,800,800,0
Cestrum cuneifolium,200,2100,1900
Cestrum humboldtii,400,1800,1400
Cestrum megalophyllum,200,2400,2200
Cestrum ochraceum,2100,2200,100
Cestrum petiolare,0,2000,2000
Cestrum racemosum,500,2800,2300
Chamaedorea allenii,0,1100,1100
Chamaedorea linearis,1200,2600,1400
Chamaedorea pinnatifrons,1900,3500,1600
Cheiloclinium cognatum,200,2500,2300
Chimarrhis hookeri,0,1400,1400
Chomelia microloba,0,0,0
Chomelia paniculata,0,1600,1600
Chomelia spinosa,500,900,400
Chomelia tenuiflora,300,2000,1700
Chrysochlamys colombiana,500,2600,2100
Chrysochlamys dependens,0,1900,1900
Chrysochlamys eclipes,0,1000,1000
Chrysochlamys macrophylla,0,1700,1700
Chrysochlamys membranacea,0,2200,2200
Chrysochlamys nicaraguensis,1200,1200,0
Chrysochlamys ulei,0,1200,1200
Chrysochlamys weberbaueri,900,2100,1200
Chrysophyllum argenteum,0,1900,1900
Chrysophyllum cainito,0,1400,1400
Chrysophyllum colombianum,0,400,400
Chrysophyllum lucentifolium,0,900,900
Chrysophyllum prieurii,0,1200,1200
Aegiphila monticola,300,900,600
Albizia niopoides,0,1100,1100
Alchornea pearcei,0,1800,1800
Alibertia bertierifolia,0,500,500
Allophylus amazonicus,0,1000,1000
Allophylus dodsonii,0,0,0
Allophylus incanus,2100,2100,0
Allophylus pilosus,0,1500,1500
Chrysophyllum venezuelanense,0,2300,2300
Cinchonopsis amazonica,500,2000,1500
Citharexylum gentryi,0,0,0
Citharexylum montanum,0,400,400
Clavija clavata,0,0,0
Clavija eggersiana,0,1700,1700
Clavija laplanadae,0,400,400
Clethra crispa,0,300,300
Clethra obovata,0,2500,2500
Clusia colombiana,0,1900,1900
Clusia schultesii,0,1500,1500
Cordia lutea,0,2500,2500
Cordia ucayaliensis,0,2400,2400
Coussarea ecuadorensis,0,1300,1300
Critoniopsis occidentalis,0,1000,1000
Critoniopsis tungurahuae,0,0,0
Croton floccosus,600,2000,1400
Croton glabellus,0,500,500
Croton rimbachii,0,1100,1100
Croton sampatik,0,1200,1200
Croton tessmannii,0,2700,2700
Cupania livida,0,1500,1500
Cupania rufescens,0,0,0
Cyathea brunnescens,0,1700,1700
Cyathea crenata,0,800,800
Cyathea frigida,0,600,600
Cyathea frondosa,200,1500,1300
Cyathea planadae,200,1200,1000
Cyathea straminea,0,1000,1000
Dacryodes cupularis,200,600,400
Daphnopsis equatorialis,700,1600,900
Dendropanax cuneatus,0,1300,1300
Dendropanax umbellatus,0,1800,1800
Dendrophorbium lloense,1800,2200,400
Dendrophorbium tipocochense,900,2200,1300
Deprea subtriflora,0,2600,2600
Diplotropis martiusii,0,600,600
Drypetes amazonica,100,1000,900
Duroia laevis,0,300,300
Elaeagia ecuadorensis,0,1200,1200
Elaeoluma glabrescens,0,100,100
Endlicheria formosa,1100,2100,1000
Endlicheria krukovii,0,1700,1700
Eriotheca macrophylla,0,1400,1400
Erythrina amazonica,0,2200,2200
Erythrina ulei,0,1400,1400
Erythroxylum squamatum,500,1500,1000
Eschweilera andina,100,1800,1700
Eschweilera rimbachii,900,1700,800
Eugenia anastomosans,0,1800,1800
Eugenia crassimarginata,1100,1800,700
Eugenia muricata,0,2300,2300
Euplassa duquei,1800,1800,0
Faramea ampla,400,400,0
Faramea anisocalyx,300,1400,1100
Faramea langlassei,800,1000,200
Faramea parvibractea,0,1300,1300
Faramea torquata,0,1000,1000
Ferdinandusa chlorantha,1100,1800,700
Ferdinandusa guainiae,100,300,200
Ficus carchiana,0,100,100
Ficus cervantesiana,0,1600,1600
Ficus coerulescens,0,1600,1600
Ficus gomelleira,300,2200,1900
Ficus trapezicola,0,1300,1300
Freziera canescens,1100,1900,800
Alseis peruviana,0,300,300
Amanoa oblongifolia,0,1300,1300
Anacardium giganteum,0,0,0
Aniba hostmanniana,0,1900,1900
Annona ambotay,200,1000,800
Annona cuspidata,0,1000,1000
Geissanthus ecuadorensis,0,2000,2000
Geissanthus vanderwerffii,0,1600,1600
Geoffroea spinosa,0,1900,1900
Grias peruviana,700,2000,1300
Grias theobromicarpa,0,0,0
Grosvenoria rimbachii,400,600,200
Guarea gomma,0,1300,1300
Guatteria boliviana,0,1700,1700
Guatteria glauca,0,2400,2400
Guatteria hyposericea,0,200,200
Guatteria venosa,400,1000,600
Guettarda sanblasensis,400,500,100
Handroanthus obscurus,0,200,200
Haydenoxylon gentryi,1100,1400,300
Hedyosmum luteynii,1200,2200,1000
Hedyosmum scabrum,700,2400,1700
Heisteria asplundii,700,900,200
Heisteria duckei,200,200,0
Heisteria nitida,100,1500,1400
Heisteria pacifica,700,700,0
Helicostylis elegans,0,1200,1200
Hernandia didymantha,0,0,0
Hevea guianensis,500,1000,500
Hieronyma asperifolia,0,1600,1600
Hirtella macrophylla,0,200,200
Huertea glandulosa,1200,2300,1100
Ilex acutidenticulata,0,300,300
Ilex andicola,500,1500,1000
Ilex colombiana,0,400,400
Inga auristellae,200,1100,900
Inga bourgonii,900,2000,1100
Inga cordatoalata,300,1100,800
Inga feuillei,700,1900,1200
Inga multicaulis,0,800,800
Inga silanchensis,1000,1600,600
Iochroma calycinum,0,1400,1400
Iryanthera juruensis,500,1100,600
Ixora panurensis,100,1600,1500
Kotchubaea sericantha,0,400,400
Ladenbergia heterophylla,0,1400,1400
Ladenbergia macrophylla,0,0,0
Leonia crassa,400,1000,600
Licania canescens,0,400,400
Licania harlingii,0,800,800
Licania incana,0,700,700
Licania octandra,0,300,300
Ligustrum lucidum,0,2000,2000
Macrolobium limbatum,0,200,200
Magnolia gilbertoi,400,400,0
Maquira calophylla,300,2100,1800
Matisia coloradorum,100,100,0
Matisia giacomettoi,200,700,500
Matisia malacocalyx,700,1500,800
Mauria simplicifolia,900,3000,2100
Mauritia flexuosa,200,900,700
Meliosma bogotana,0,800,800
Meliosma herbertii,0,2200,2200
Meliosma peytonii,0,1200,1200
Annona hypoglauca,0,400,400
Anthodiscus klugii,0,900,900
Aphelandra acanthus,1100,2300,1200
Aspidosperma cruentum,0,0,0
Aspidosperma schultesii,500,900,400
Meriania maxima,900,1300,400
Meriania mutisii,100,100,0
Meriania pichinchensis,0,500,500
Miconia aristata,100,100,0
Miconia aulocalyx,400,1700,1300
Miconia biglandulosa,0,700,700
Miconia bracteata,0,0,0
Miconia clathrantha,0,1000,1000
Miconia corymbiformis,600,1200,600
Miconia dapsiliflora,0,600,600
Miconia denticulata,0,1400,1400
Miconia explicita,100,300,200
Miconia glaucescens,0,1700,1700
Miconia lasiocalyx,300,1600,1300
Miconia orescia,2600,2600,0
Miconia rivetii,300,2000,1700
Monnina pseudopilosa,800,2100,1300
Myrcia neesiana,0,1900,1900
Myrcianthes alaternifolia,0,300,300
Naucleopsis chiguila,0,1500,1500
Naucleopsis krukovii,0,1100,1100
Nealchornea yapurensis,400,1300,900
Nectandra acuminata,0,2300,2300
Nectandra cissiflora,0,2500,2500
Nectandra longifolia,0,1800,1800
Neea macrophylla,600,1400,800
Neea ovalifolia,500,1800,1300
Ocotea benthamiana,0,1000,1000
Ocotea costulata,300,1700,1400
Ocotea cuneifolia,600,1900,1300
Ocotea floccifera,1100,1400,300
Ocotea infrafoveolata,500,2300,1800
Ocotea karsteniana,0,700,700
Ocotea oreophila,0,0,0
Ocotea pacifica,0,200,200
Ocotea pichinchensis,0,100,100
Ocotea rugosa,200,200,0
Oreopanax albanensis,0,0,0
Oreopanax ecuadorensis,1000,1600,600
Oreopanax grandifolius,0,100,100
Oreopanax seemannianus,1000,1200,200
Ormosia coarctata,0,600,600
Otoba glycycarpa,0,1800,1800
Oxandra espintana,0,900,900
Palicourea acanthacea,700,700,0
Palicourea andrei,0,900,900
Palicourea lineata,1500,2100,600
Palicourea palenquensis,1500,1800,300
Palicourea sodiroi,1100,1100,0
Palicourea subscandens,0,700,700
Palicourea tinctoria,200,2200,2000
Panopsis megistosperma,0,600,600
Pentacalia disciformis,200,1200,1000
Pentacalia oronocensis,0,2200,2200
Pera tomentosa,100,200,100
Persea nudigemma,0,1400,1400
Persea povedae,0,0,0
Phyllanthus brasiliensis,0,3300,3300
Phytolacca dioica,0,1500,1500
Picramnia latifolia,100,1600,1500
Axinaea quitensis,300,2100,1800
Banara regia,0,900,900
Barnadesia parviflora,600,2200,1600
Batocarpus orinocensis,500,1400,900
Bauhinia tarapotensis,300,900,600
Beilschmiedia alloiophylla,200,300,100
Beilschmiedia sulcata,0,1000,1000
Blakea eriocalyx,1100,1400,300
Piper boquianum,0,0,0
Piper hylophilum,0,0,0
Pisonia aculeata,0,900,900
Pleurothyrium poeppigii,0,2300,2300
Podocarpus magnifolius,300,1700,1400
Polylepis pauta,200,1800,1600
Posoqueria chocoana,0,300,300
Pourouma mollis,0,1800,1800
Pouteria buenaventurensis,1100,1500,400
Pouteria campanulata,0,200,200
Pouteria oblanceolata,0,1200,1200
Protium amazonicum,0,900,900
Protium glabrescens,0,2000,2000
Protium hebetatum,0,2300,2300
Protium laxiflorum,0,100,100
Prumnopitys harmsiana,0,1900,1900
Prunus falcata,0,0,0
Prunus huantensis,0,2300,2300
Prunus urotaenia,0,300,300
Pseudolmedia macrophylla,500,1500,1000
Psychotria montivaga,100,2100,2000
Pterogyne nitens,0,1600,1600
Purdiaea nutans,400,1800,1400
Quararibea grandifolia,0,500,500
Quiina amazonica,800,1400,600
Quiina cruegeriana,0,700,700
Randia ferox,100,100,0
Rauvolfia sprucei,0,1800,1800
Ravenia biramosa,0,1000,1000
Retiniphyllum concolor,400,1000,600
Rhodostemonodaphne grandis,0,400,400
Ruagea tomentosa,300,1800,1500
Rudgea verticillata,0,2200,2200
Sambucus peruviana,0,2900,2900
Saracha punctata,0,2500,2500
Saurauia herthae,0,1200,1200
Saurauia pseudostrigillosa,0,1800,1800
Schizocalyx obovatus ,0,1400,1400
Sessea vestita,0,900,900
Simaba guianensis,0,1100,1100
Siparuna bifida,0,1000,1000
Siparuna eggersii,0,2000,2000
Siparuna piloso-lepidota,900,1900,1000
Siphoneugena densiflora,0,300,300
Sloanea medusula,0,0,0
Sloanea multiflora,0,400,400
Sloanea parvifructa,0,400,400
Solanum confertiseriatum,700,1800,1100
Solanum cucullatum,0,2200,2200
Solanum sessile,600,2800,2200
Sorocea jaramilloi,0,900,900
Sorocea sarcocarpa,0,1900,1900
Spirotheca awadendron,800,900,100
Sterculia colombiana,300,900,600
Blakea rotundifolia,1200,1600,400
Browneopsis macrofoliolata,0,300,300
Brunellia littlei,1400,1400,0
Brunellia stenoptera,0,1200,1200
Brunellia tomentosa,700,1100,400
Sterculia frondosa,0,1200,1200
Sterculia tessmannii,100,800,700
Swartzia haughtii,400,600,200
Symplocos carmencitae,0,0,0
Symplocos fimbriata,100,1300,1200
Symplocos quindiuensis,200,200,0
Symplocos quitensis,500,1500,1000
Tachigali setifera,0,1500,1500
Talisia macrophylla,0,1000,1000
Tapirira obtusa,300,2000,1700
Tapirira rubrinervis,0,1500,1500
Tapura peruviana,200,1200,1000
Theobroma bicolor,800,800,0
Theobroma gileri,600,600,0
Theobroma subincanum,900,1300,400
Tocoyena pittieri,600,600,0
Trattinnickia burserifolia,0,700,700
Trichilia primogenita,200,200,0
Trichilia surinamensis,100,700,600
Vallea ecuadorensis,0,800,800
Vatairea guianensis,0,0,0
Verbesina lloensis,0,1500,1500
Viburnum lasiophyllum,0,1900,1900
Virola duckei,400,1800,1400
Virola loretensis,0,100,100
Virola pavonis,700,1200,500
Vismia gracilis,500,2200,1700
Vismia lateriflora,0,1200,1200
Vismia mandurr,400,1500,1100
Vismia pozuzoensis,600,2500,1900
Vitex cymosa,0,1100,1100
Vochysia duquei,100,700,600
Weinmannia latifolia,0,1700,1700
Weinmannia lentiscifolia,0,1500,1500
Xylopia emarginata,0,400,400
Byrsonima poeppigiana,0,1900,1900
Cabralea canjerana,700,2100,1400
Calycophyllum spruceanum,0,1400,1400
Capirona decorticans,200,700,500
Carapa alticola,0,0,0
Carapa megistocarpa,0,800,800
Caryodaphnopsis theobromifolia,700,1200,500
Casearia fasciculata,700,1800,1100
Casearia prunifolia,2000,2400,400
Casearia tachirensis,500,1000,500
Cecropia andina,0,400,400
Cecropia bullata,200,200,0
Cecropia montana,0,1200,1200
Cecropia sciadophylla,200,1500,1300
Cedrelinga cateniformis,300,900,600
Celtis schippii,200,2300,2100
Ceroxylon parvifrons,100,1800,1700
Cestrum peruvianum,700,2600,1900
Chlorocardium venenosum,0,0,0
Chrysochlamys bracteolata,1300,1300,0
Chrysophyllum manaosense,300,2000,1700
Acalypha stenoloba,1500,2400,900
Acalypha stricta,300,2200,1900
Achatocarpus pubescens,0,200,200
Aegiphila aculeifera,0,0,0
Aegiphila lopez-palacii,0,0,0
Agonandra excelsa,400,1400,1000
Agonandra peruviana,0,1300,1300
Agonandra silvatica,400,1800,1400
Aiouea formicaria,400,400,0
Aiouea palaciosii,0,0,0
Albizia multiflora,500,1200,700
Allophylus coriaceus,0,0,0
Allophylus divaricatus,100,1100,1000
Allophylus glabratus,0,900,900
Allophylus loretensis,200,700,500
Clethra castaneifolia,200,2100,1900
Clethra cuneata,0,2100,2100
Clethra ferruginea,0,1900,1900
Clethra pedicellaris,200,2400,2200
Clethra scabra,0,2400,2400
Coccoloba peruviana,300,1000,700
Colicodendron scabridum,500,1400,900
Cordia lomatoloba,0,2300,2300
Couepia bernardii,0,0,0
Coussarea tenuiflora,0,900,900
Critoniopsis floribunda,1200,1400,200
Croton thurifer,0,1400,1400
Cyathea carolihenrici,300,700,400
Cyathea obnoxia,0,600,600
Cyathostegia mathewsii,1200,2100,900
Cybianthus peruvianus,900,2300,1400
Dendropanax macrocarpus,0,0,0
Dictyoloma vandellianum,400,1800,1400
Duguetia hadrantha,100,700,600
Duguetia surinamensis,0,100,100
Endlicheria lorastemon,900,900,0
Endlicheria oreocola,300,1400,1100
Endlicheria tessmannii,0,300,300
Eriotheca ruizii,0,1100,1100
Erythrina velutina,0,200,200
Eschweilera baguensis,0,1100,1100
Espostoa lanata,1000,1400,400
Faramea bangii,500,2200,1700
Faramea eurycarpa,0,0,0
Faramea exemplaris,1100,1100,0
Ficus maroma,300,1100,800
Anadenanthera colubrina,1300,2200,900
Anadenanthera columbrina,1300,2200,900
Andira multistipula,400,900,500
Annona andicola,1100,1400,300
Annona deceptrix,500,500,0
Geissanthus pichinchae,2300,2300,0
Guapira opposita,0,1800,1800
Guarea subandina,300,1200,900
Guatteria duodecima,0,1600,1600
Guatteria oblongifolia,1000,2400,1400
Guatteria pichinchae,0,0,0
Guatteria sodiroi,0,0,0
Hedyosmum anisodorum,0,1900,1900
Hedyosmum dombeyanum,0,1300,1300
Hirtella eriandra,0,400,400
Humiriastrum mapiriense,0,900,900
Idiopappus saloyensis,200,200,0
Ilex gabrielleana,0,1100,1100
Ilex hippocrateoides,600,2700,2100
Ilex hualgayoca,0,1000,1000
Ilex rupicola,1600,1600,0
Ilex teratopis,500,2600,2100
Ilex villosula,0,1700,1700
Incadendron esseri,300,900,600
Inga fendleriana,500,1400,900
Inga glomeriflora,0,0,0
Inga pruriens,0,700,700
Inga tomentosa,0,2200,2200
Iochroma grandiflorum,0,1500,1500
Iryanthera lancifolia,0,800,800
Jacaranda macrocarpa,0,300,300
Joosia aequatoria,600,600,0
Ladenbergia riveroana,900,1700,800
Leonia occidentalis,800,800,0
Licaria pucheri,0,2300,2300
Lissocarpa uyat,400,800,400
Lomatia hirsuta,1300,1800,500
Loxopterygium huasango,800,1400,600
Lozania nunkui,500,600,100
Luehea paniculata,100,2100,2000
Machaerium millei,0,1400,1400
Machaerium mutisii,0,500,500
Meliosma boliviensis,0,2000,2000
Annona excellens,0,1000,1000
Asplundia aulacostigma,700,700,0
Asplundia schizotepala,200,900,700
Meriania rigida,500,2200,1700
Mezilaurus campaucola,0,800,800
Miconia calophylla,500,600,100
Miconia juruensis,0,100,100
Miconia media,600,1400,800
Miconia micropetala,0,1700,1700
Miconia neriifolia,0,1300,1300
Miconia subandicola,100,2000,1900
Miconia suborbicularis,900,900,0
Miconia tetragona,3200,3200,0
Myrcia mollis,1300,2300,1000
Myrcianthes fimbriata,800,900,100
Myriocarpa laevigata,0,1900,1900
Myroxylon peruiferum,0,1000,1000
Naucleopsis concinna,0,100,100
Nectandra discolor,0,1400,1400
Nectandra olida,200,1200,1000
Nectandra pulverulenta,0,1500,1500
Nectandra subbullata,300,300,0
Nectandra viburnoides,0,0,0
Nordenstamia cajamarcensis,0,300,300
Ocotea arnottiana,0,1000,1000
Ocotea oblongoobovata,0,0,0
Ocotea olivacea,500,1500,1000
Ocotea ovalifolia,0,1300,1300
Ocotea pedanomischa,500,1000,500
Oreocallis grandiflora,1900,3100,1200
Oreopanax andreanus,0,1500,1500
Oreopanax rosei,1000,1000,0
Oxandra polyantha,0,200,200
Palicourea cutucuana,900,1000,100
Panopsis pearcei,0,1600,1600
Parinari parilis,0,200,200
Pentagonia clementinensis,1200,1200,0
Pentagonia williamsii,0,300,300
Perebea humilis,0,600,600
Persea brevipes,800,800,0
Persea raimondii,0,1200,1200
Persea sericea,900,900,0
Persea weberbaueri,1300,1800,500
Phytelephas aequatorialis,1100,1100,0
Axinaea confusa,0,1100,1100
Bathysa australis,0,2800,2800
Blakea mexiae,300,700,400
Blakea multiflora,1200,1700,500
Piper andreanum,1300,1900,600
Piper ecuadorense,300,500,200
Piper heterophyllum,1100,2200,1100
Piper longepilosum,1500,1500,0
Piper perareolatum,0,1900,1900
Piptocarpha lechleri,0,1700,1700
Pittoniotis rotata,0,700,700
Pleurothyrium glabrifolium,0,0,0
Pleurothyrium parviflorum,0,800,800
Pourouma herrerensis,0,0,0
Pouteria condorensis,0,300,300
Pouteria lucumifolia,0,400,400
Pouteria trilocularis,600,1400,800
Pouteria vernicosa,0,300,300
Prockia pentamera,0,0,0
Protium cuneatum,0,0,0
Prunus herthae,0,1100,1100
Prunus pleiantha,0,1600,1600
Prunus stipulata,0,1900,1900
Psychotria pichisensis,1400,2000,600
Quararibea wittii,400,800,400
Quiina obovata,0,300,300
Remijia chelomaphylla,500,900,400
Rhamnidium elaeocarpum,100,1500,1400
Rhodostemonodaphne cyclops,200,200,0
Roupala cordifolia,400,1600,1200
Rudgea ciliata,0,2000,2000
Ruizodendron ovale,300,1200,900
Sarcaulus oblatus,600,600,0
Saurauia harlingii,400,400,0
Saurauia peruviana,800,2200,1400
Schefflera sodiroi,1100,1100,0
Senna mollissima,1400,2500,1100
Sessea dependens,0,2700,2700
Simira mollis,0,0,0
Siparuna cascada,400,800,400
Siparuna cristata,400,1200,800
Siparuna tomentosa,900,3200,2300
Sloanea brevipes,0,900,900
Sloanea laxiflora,0,100,100
Sloanea obtusifolia,0,1000,1000
Socratea salazarii,400,900,500
Solanum cutervanum,900,1000,100
Solanum maturecalvans,200,2800,2600
Solanum pendulum,0,2200,2200
Solanum riparium,100,2300,2200
Brachyotum gleasonii,500,500,0
Brunellia inermis,200,1200,1000
Sterculia rebeccae,0,1500,1500
Styrax foveolaria,900,2000,1100
Styrax heterotrichus,0,0,0
Styrax peruvianus,500,1000,500
Symplocos apiciflora,0,900,900
Symplocos arechea,500,2000,1500
Symplocos canescens,800,800,0
Symplocos coriacea,200,1300,1100
Symplocos fuliginosa,800,1200,400
Symplocos fuscata,0,1100,1100
Symplocos peruviana,0,1600,1600
Symplocos reflexa,0,0,0
Symplocos rimbachii,0,0,0
Symplocos spruceana,0,0,0
Symplocos subandina,300,300,0
Tachigali chrysaloides,300,1800,1500
Terminalia valverdeae,0,0,0
Ternstroemia jelskii,700,2300,1600
Ternstroemia luquillensis,0,0,0
Theobroma speciosum,0,100,100
Tovomita krukovii,0,300,300
Trichilia rubra,600,1800,1200
Trichilia stipitata,100,100,0
Trichilia tomentosa,0,1300,1300
Triplaris poeppigiana,0,1000,1000
Triplaris weigeltiana,100,1000,900
Urera lianoides,100,1800,1700
Vasconcellea quercifolia,0,2800,2800
Verbesina latisquama,300,300,0
Virola mollissima,0,400,400
Vochysia mapirensis,0,1600,1600
Weinmannia haenkeana,0,1100,1100
Weinmannia ovata,1000,1900,900
Weinmannia polyphylla,0,0,0
Xanthosoma caracu,500,500,0
Xylopia calophylla,0,800,800
Xylopia cuspidata,0,900,900
Zanthoxylum bonifazieae,100,100,0
Zanthoxylum sprucei,300,1600,1300
Zygia lathetica,100,100,0
Campomanesia speciosa,0,900,900
Capparidastrum petiolare,1400,2000,600
Caryocar amygdaliforme,0,700,700
Casearia obovalis,800,1600,800
Castilla ulei,0,500,500
Cavanillesia hylogeiton,0,700,700
Cavendishia zamorensis,1000,1000,0
Cecropia polystachya,0,2800,2800
Ceiba insignis,900,1500,600
Ceiba samauma,300,2400,2100
Ceiba trischistandra,1100,1100,0
Celtis loxensis,800,1900,1100
Ceroxylon echinulatum,700,700,0
Cestrum conglomeratum,100,2900,2800
Chimarrhis glabriflora,700,900,200
Chrysophyllum amazonicum,700,900,200
Achatocarpus praecox,600,1800,1200
Actinostemon concolor,0,500,500
Aegiphila saltensis,0,1000,1000
Aiouea grandifolia,0,1400,1400
Cinchona hirsuta,0,700,700
Cinchona micrantha,0,2300,2300
Clusia pavonii,500,500,0
Colubrina retusa,200,900,700
Condalia weberbaueri,500,2300,1800
Cordia iguaguana,1300,1300,0
Cordia saccellia,200,2100,1900
Cyathea cystolepis,200,300,100
Cyathea herzogii,0,1100,1100
Cyathea nephele,0,2400,2400
Cyathea ruiziana,0,2200,2200
Cybianthus fosteri,0,0,0
Dasyphyllum brasiliense,0,2600,2600
Dendropanax williamsii,0,1100,1100
Duranta serratifolia,0,1800,1800
Endlicheria tschudyana,0,0,0
Eriotheca discolor,300,1500,1200
Erythroxylum deciduum,0,0,0
Erythroxylum shatona,400,400,0
Erythroxylum subracemosum,100,100,0
Eugenia moraviana,500,2200,1700
Eugenia tamaensis,0,0,0
Faramea candelabrum,900,2600,1700
Ficus casapiensis,200,1300,1100
Freziera uniauriculata,0,100,100
Gallesia integrifolia,1000,1300,300
Amburana cearensis,0,900,900
Ampelocera ruizii,800,1600,800
Guatteria guentheri,0,700,700
Guettarda pohliana,0,1000,1000
Gynoxys nitida,300,400,100
Hedyosmum lechleri,500,2200,1700
Hedyosmum peruvianum,300,700,400
Hydrangea jelskii,200,800,600
Inga killipiana,0,700,700
Iryanthera olacoides,100,100,0
Machaerium peruvianum,0,0,0
Magnolia amazonica,0,600,600
Maraniona lavinii,1700,1700,0
Matisia bicolor,500,700,200
Meliosma pumila,1800,1800,0
Aspidosperma cylindrocarpon,400,1400,1000
Aspidosperma macrocarpon,100,1200,1100
Meliosma sirensis,0,0,0
Miconia adinantha,0,700,700
Miconia alpina,0,400,400
Miconia axinaeoides,0,1000,1000
Miconia brevistylis,0,0,0
Miconia carpishana,0,600,600
Miconia coelestis,0,1900,1900
Miconia crassipes,800,1300,500
Miconia crassistigma,0,0,0
Miconia cretacea,300,1000,700
Miconia elongata,900,2500,1600
Miconia glomerulifera,0,100,100
Miconia modica,0,900,900
Miconia pavoniana,0,0,0
Miconia puberula,0,700,700
Miconia pulverulenta,0,0,0
Miconia saltuensis,0,900,900
Miconia spennerostachya,1600,1900,300
Miconia weberbaueri,0,700,700
Mouriri peruviana,300,400,100
Myrcia egensis,0,0,0
Myrsine reynelii,0,0,0
Myrsine youngii,0,200,200
Nectandra utilis,0,500,500
Ocotea jelskii,0,1200,1200
Ocotea mandonii,0,2000,2000
Ocotea obovata,0,3000,3000
Oreopanax iodophyllus,0,100,100
Ouratea tarapotensis,0,100,100
Parapiptadenia excelsa,0,1900,1900
Parodiodendron marginivillosum,0,1000,1000
Pereskia horrida,100,100,0
Perrottetia gentryi,0,1800,1800
Persea peruviana,600,1500,900
Physocalymma scaberrimum,200,1600,1400
Athyana weinmanniifolia,500,1200,700
Axinaea lanceolata,400,1300,900
Axinaea weberbaueri,0,0,0
Barnadesia caryophylla,100,1300,1200
Platymiscium gracile,100,100,0
Porcelia ponderosa,800,1600,800
Pouteria macrophylla,0,900,900
Protium montanum,600,1000,400
Protium rhynchophyllum,0,700,700
Ruagea subviridiflora,0,1600,1600
Ruprechtia aperta,1400,1400,0
Ruprechtia laxiflora,0,800,800
Salacia solimoesensis,0,0,0
Saurauia biserrata,0,1400,1400
Schinopsis peruviana,100,100,0
Seguieria americana,500,800,300
Senna loretensis,200,600,400
Sloanea garckeana,0,300,300
Sloanea sinemariensis,700,1800,1100
Solanum trichoneuron,900,2200,1300
Sorocea guilleminiana,700,1700,1000
Bonellia mucronata,600,600,0
Brunellia brunnea,0,200,200
Styrax vilcabambae,0,700,700
Symplocos andicola,0,1000,1000
Symplocos baehnii,0,2200,2200
Tachigali peruviana,0,700,700
Talisia obovata,0,300,300
Tetrasida chachapoyensis,0,700,700
Tipuana tipu,0,2900,2900
Toulicia reticulata,400,700,300
Trichilia inaequilatera,200,2000,1800
Triplaris setosa,100,700,600
Viburnum reticulatum,500,500,0
Vochysia haenkeana,400,1400,1000
Weinmannia crassifolia,0,1900,1900
Weinmannia glomerata,0,200,200
Weinmannia subsessiliflora,600,1600,1000
Zanthoxylum tambopatense,0,700,700
Caryodaphnopsis fosteri,0,600,600
Chloroleucon mangense,0,400,400
Chomelia polyantha,100,100,0
Alchornea anamariae,800,900,100
Cinchona calisaya,2200,3000,800
Cinchona pyrifolia,0,900,900
Clavija nutans,1000,1200,200
Croton piluliferus,0,1100,1100
Cyathea austropallescens,600,1500,900
Cyathea catacampta,700,700,0
Cyathea dintelmanii,800,2400,1600
Cyathea multisegmenta,0,0,0
Diatenopteryx sorbifolia,0,700,700
Diospyros nigra,0,0,0
Diploon cuspidatum,100,800,700
Endlicheria macrophylla,500,500,0
Enterolobium contortisiliquum,100,2200,2100
Euplassa inaequalis,0,0,0
Freziera cyanocantha,0,100,100
Freziera dudleyi,600,700,100
Freziera parva,900,900,0
Freziera revoluta,100,100,0
Alsophila gastonyi,600,600,0
Alsophila minervae,0,0,0
Geissanthus bangii,900,1200,300
Guapira noxia,0,0,0
Guatteria cuscoensis,200,200,0
Guatteria terminalis,400,400,0
Hebanthe occidentalis,1300,2100,800
Hedyosmum tepuiense,1500,1500,0
Heteropterys laurifolia,1100,1500,400
Hieronyma scabra,0,0,0
Ilex goudotii,600,1000,400
Ilex sessiliflora,500,1100,600
Ilex trichoclada,0,1500,1500
Inga setosa,1800,2000,200
Machaerium acutifolium,1000,1300,300
Macrocarpaea maguirei,1600,1600,0
Magnolia boliviana,0,400,400
Magnolia gentryi,1000,1000,0
Magnolia madidiensis,0,500,500
Matayba boliviana,1300,1500,200
Mauria denticulata,0,700,700
Meliosma glabrata,400,3100,2700
Annona emarginata,700,700,0
Annona williamsii,600,1300,700
Aralia soratensis,300,2300,2000
Meliosma solomonii,800,2300,1500
Meriania cuzcoana,0,0,0
Metrodorea flavida,100,1100,1000
Miconia aprica,2400,2400,0
Miconia barbeyana,1100,1100,0
Miconia brachyanthera,1600,1600,0
Miconia brittonii,1200,1300,100
Miconia cookii,400,400,0
Miconia lasiostyla,400,400,0
Miconia madisonii,1100,1100,0
Miconia plumifera,500,2700,2200
Miconia polychaeta,1000,1000,0
Miconia setulosa,900,1100,200
Miconia terborghii,0,0,0
Miconia terera,500,500,0
Mollinedia boliviensis,0,2100,2100
Monnina connectisepala,500,1200,700
Myracrodruon urundeuva,300,1900,1600
Myrcia atrorufa,0,0,0
Myrcia minutiflora,200,200,0
Myrcianthes karsteniana,0,0,0
Myrcianthes pungens,0,1500,1500
Myrsine laetevirens,500,1400,900
Nordenstamia repanda,0,2000,2000
Ocotea glabriflora,300,300,0
Ocotea pajonalis,900,900,0
Oreopanax kuntzei,1400,1500,100
Oreopanax pavonii,100,100,0
Parinari occidentalis,500,1600,1100
Persea corymbosa,300,300,0
Persea pajonalis,900,900,0
Phyllostylon rhamnoides,0,900,900
Axinaea pennellii,300,300,0
Bellucia aequiloba,1300,1400,100
Piper tucumanum,700,1200,500
Piptadenia robusta,100,200,100
Pisonia zapallo,300,1700,1400
Pogonopus tubulosus,1200,2300,1100
Pourouma cuspidata,0,0,0
Pouteria juruana,1100,1100,0
Prunus detrita,0,0,0
Pseudobombax marginatum,0,900,900
Randia micracantha,0,2000,2000
Ruagea ovalis,600,1100,500
Ruprechtia apetala,400,2000,1600
Saurauia formosa,0,0,0
Schefflera allocotantha,100,200,100
Schefflera herzogii,1100,1100,0
Schefflera inambarica,0,0,0
Schinopsis brasiliensis,0,1200,1200
Scutia buxifolia,400,1000,600
Sebastiania brasiliensis,400,1800,1400
Siphoneugena occidentalis,600,1100,500
Sloanea meianthera,0,0,0
Blepharocalyx salicifolius,1600,2500,900
Bougainvillea stipitata,300,2500,2200
Brunellia boliviana,900,1700,800
Brunellia cuzcoensis,600,600,0
Brunellia weberbaueri,1500,1500,0
Styloceras brokawii,200,800,600
Symplocos psiloclada,1000,1000,0
Tachigali alba,200,1300,1100
Terminalia triflora,600,1300,700
Ternstroemia brachypoda,0,100,100
Ternstroemia globiflora,0,0,0
Ternstroemia polyandra,200,600,400
Trichilia claussenii,1200,1500,300
Vatairea fusca,0,900,900
Vochysia majuscula,500,500,0
Weinmannia bangii,600,1700,1100
Ximenia americana,400,1600,1200
Zanthoxylum harrisii,0,0,0
Zanthoxylum pucro,500,700,200
Bunchosia paraguariensis,0,0,0
Cariniana estrellensis,1400,1600,200
Cecropia tacuna,200,1600,1400
Chrysophyllum gonocarpum,1200,1900,700
Chrysophyllum marginatum,500,1800,1300
Cnicothamnus lorentzii,1500,2000,500
Cnidoscolus vitifolius,100,400,300
Coccoloba tiliacea,1100,1600,500
Cordia americana,0,900,900
Cordia trichotoma,600,1300,700
Cupania vernalis,1200,1200,0
Eriotheca roseorum,0,1000,1000
Ilex microdonta,0,0,0
Juglans australis,1000,1200,200
Kaunia saltensis,1000,1400,400
Libidibia paraguariensis,900,1900,1000
Lonchocarpus lilloi,0,800,800
Loxopterygium grisebachii,1000,1700,700
Miconia acutifolia,100,100,0
Ocotea porphyria,1300,1300,0
Piptadenia boliviana,1000,1000,0
Pisonia ambigua,600,900,300
Schinopsis marginata,800,2000,1200
Solanum symmetricum,1600,2300,700
Vassobia breviflora,1700,2200,500
Xylosma longipetiolata,200,1000,800
Xylosma pubescens,0,1500,1500
Zanthoxylum petiolare,1000,1300,300
Bunchosia lindeniana,1500,1500,0
Calycophyllum multiflorum,700,900,200
Cedrela balansae,0,400,400
Ceiba chodatii,800,1000,200
Erythroxylum argentinum,500,500,0
Gleditsia amorphoides,1700,1700,0
Pseudobombax argentinum,0,0,0
Cestrum parqui,900,900,0
