species,min_elevation,max_elevation,range
Abatia parviflora,0,3300,3300
Acalypha cuneata,400,3100,2700
Acalypha diversifolia,800,3700,2900
Acalypha macrostachya,1500,3200,1700
Acalypha stricta,0,2200,2200
Achatocarpus nigricans,1100,1800,700
Adenocalymma aspericarpum,300,1300,1000
Aegiphila alba,0,2800,2800
Aegiphila bogotensis,2200,2800,600
Aegiphila cuatrecasasii,200,1800,1600
Aegiphila integrifolia,1500,3000,1500
Aegiphila laeta,2100,2400,300
Aegiphila panamensis,500,1900,1400
Aequatorium jamesonii,300,1000,700
Ageratina boyacensis,500,800,300
Ageratina glyptophlebia,1500,1600,100
Ageratina popayanensis,2600,3600,1000
Ageratina tinifolia,100,3600,3500
Agouticarpa williamsii,0,2300,2300
Aiouea dubia,1000,3200,2200
Aiphanes hirsuta,1500,1700,200
Aiphanes horrida,0,2400,2400
Aiphanes linearis,200,1000,800
Aiphanes parvifolia,900,900,0
Albizia carbonaria,700,2100,1400
Albizia niopoides,0,1400,1400
Albizia subdimidiata,0,700,700
Alchornea acutifolia,600,2400,1800
Alchornea bogotensis,400,1700,1300
Alchornea brittonii,0,1600,1600
Alchornea coelophylla,0,1900,1900
Alchornea costaricensis,400,1700,1300
Alchornea floribunda,0,500,500
Alchornea glandulosa,2200,3600,1400
Alchornea grandiflora,600,2700,2100
Alchornea grandis,0,1900,1900
Alchornea latifolia,800,2600,1800
Alchornea megalophylla,100,1000,900
Alchornea pearcei,400,1800,1400
Alchornea triplinervia,1900,3800,1900
Alchornea verticillata,0,1600,1600
Alchorneopsis floribunda,500,3700,3200
Alfaroa colombiana,1200,1600,400
Alfaroa williamsii,400,1300,900
Alibertia bertierifolia,100,700,600
Allomaieta hirsuta,1100,1100,0
Allomaieta pancurana,900,900,0
Allomaieta villosa,900,900,0
Allophylus amazonicus,0,1000,1000
Allophylus edulis,0,2100,2100
Allophylus excelsus,0,2600,2600
Allophylus floribundus,300,2400,2100
Allophylus loretensis,0,1300,1300
Allophylus psilospermus,0,2900,2900
Allophylus punctatus,900,2100,1200
Alnus acuminata,1600,3400,1800
Alseis blackiana,300,600,300
Chrysophyllum venezuelanense,600,2300,1700
Ciliosemina pedunculata,500,2300,1800
Ciliosemina purdieana,400,400,0
Cinchona antioquiae,700,1100,400
Cinchona macrocalyx,0,1200,1200
Cinchona officinalis,0,1700,1700
Cinchona pubescens,2200,3000,800
Cinchonopsis amazonica,0,2000,2000
Cissus trianae,1000,2600,1600
Citharexylum montanum,400,2000,1600
Citronella incarum,400,3000,2600
Citrus X aurantium,0,3000,3000
Citrus limon,0,2500,2500
Clarisia biflora,1300,2800,1500
Clarisia racemosa,800,2300,1500
Clathrotropis brunnea,1400,1400,0
Clavija cauliflora,300,400,100
Clavija mezii,0,800,800
Clethra fagifolia,0,3100,3100
Clethra fimbriata,0,3300,3300
Clethra ovalifolia,1000,1800,800
Clethra revoluta,1200,3100,1900
Clethra scabra,0,2800,2800
Clitoria arborea,200,2000,1800
Clusia alata,200,3000,2800
Clusia articulata,0,3000,3000
Clusia candelabrum,400,1200,800
Clusia colombiana,0,2400,2400
Clusia crenata,0,1800,1800
Clusia cuneifolia,1300,2100,800
Clusia decussata,0,2400,2400
Clusia dixonii,1500,2300,800
Clusia ducu,700,2800,2100
Clusia ducuoides,0,3000,3000
Clusia elliptica,1300,3300,2000
Clusia flavida,1000,2100,1100
Clusia hammeliana,400,2100,1700
Clusia haughtii,300,2400,2100
Clusia hydrogera,1200,2300,1100
Clusia inesiana,1800,2200,400
Clusia lineata,0,2600,2600
Clusia minor,0,2200,2200
Clusia mocoensis,1200,1800,600
Clusia multiflora,800,2900,2100
Clusia octandra,0,1500,1500
Clusia palmicida,0,2200,2200
Clusia penduliflora,0,2200,2200
Clusia pentandra,0,1000,1000
Clusia schomburgkiana,0,2800,2800
Clusia sphaerocarpa,0,3100,3100
Clusia thurifera,200,1700,1500
Clusia trochiformis,600,2900,2300
Clusia volubilis,0,700,700
Coccoloba acuminata,0,700,700
Coccoloba ascendens,0,300,300
Coccoloba coronata,0,1300,1300
Coccoloba densifrons,0,2300,2300
Coccoloba excelsa,0,1000,1000
Coccoloba lehmannii,0,900,900
Coccoloba mollis,1000,2000,1000
Coccoloba obovata,0,1200,1200
Coccoloba padiformis,0,800,800
Cochlospermum orinocense,100,1900,1800
Coffea arabica,1300,2800,1500
Compsoneura anoriensis,500,500,0
Compsoneura claroensis,700,700,0
Compsoneura mutisii,800,2900,2100
Compsoneura rigidifolia,1100,2100,1000
Conceveiba parvifolia,1300,1300,0
Conceveiba pleiostemona,600,1700,1100
Conceveiba terminalis,200,900,700
Condaminea corymbosa,1800,2900,1100
Connarus panamensis,3100,3100,0
Copaifera canime,200,200,0
Copaifera officinalis,100,100,0
Cordia alliodora,1300,3300,2000
Cordia bicolor,200,1900,1700
Cordia bogotensis,0,2400,2400
Cordia dwyeri,500,2000,1500
Cordia nodosa,1200,3400,2200
Cordia panamensis,0,3000,3000
Cordiera myrciifolia,0,900,900
Cornus peruviana,700,2900,2200
Cornutia pyramidata,0,2400,2400
Cosmibuena grandiflora,1000,2300,1300
Couma macrocarpa,400,1200,800
Couratari guianensis,100,1500,1400
Couroupita guianensis,200,3100,2900
Coussapoa contorta,0,3200,3200
Coussapoa crassivenosa,0,1600,1600
Coussapoa herthae,0,1000,1000
Coussapoa villosa,600,2300,1700
Coussarea antioquiana,500,500,0
Coussarea enneantha,1900,1900,0
Coussarea grandifolia,0,1500,1500
Coussarea hirticalyx,0,1300,1300
Coussarea klugii,0,1000,1000
Coussarea latifolia,0,1700,1700
Coussarea macrocalyx,0,1700,1700
Coussarea paniculata,700,2300,1600
Coutarea hexandra,600,3300,2700
Crepidospermum rhoifolium,0,1000,1000
Critoniopsis glandulata,0,1600,1600
Croton argenteus,0,300,300
Croton gossypiifolius,0,2300,2300
Croton killipianus,0,2200,2200
Croton lechleri,0,2200,2200
Croton mutisianus,2100,2500,400
Croton niveus,0,0,0
Croton sampatik,0,1800,1800
Croton schiedeanus,900,1500,600
Croton smithianus,0,2200,2200
Cuatresia cuspidata,0,1700,1700
Cuatresia garciae,400,400,0
Cuatresia riparia,0,2600,2600
Cupania americana,0,2700,2700
Cupania cinerea,700,3400,2700
Cupania latifolia,1200,2500,1300
Cupania livida,0,2200,2200
Cupania rubiginosa,0,200,200
Cupania scrobiculata,200,1900,1700
Curatella americana,100,1900,1800
Cyathea andina,0,2900,2900
Cyathea austropallescens,0,1500,1500
Cyathea bipinnatifida,800,2800,2000
Cyathea brunnescens,0,2100,2100
Cyathea caracasana,0,3000,3000
Cyathea conjugata,600,2000,1400
Cyathea delgadii,1800,2800,1000
Cyathea divergens,0,2200,2200
Cyathea frondosa,0,1500,1500
Cyathea fulva,0,2400,2400
Cyathea kalbreyeri,0,1600,1600
Cyathea lechleri,500,2900,2400
Cyathea lindeniana,0,1700,1700
Cyathea meridensis,800,2500,1700
Cyathea multiflora,600,2000,1400
Cyathea nigripes,600,1500,900
Cyathea pallescens,500,2000,1500
Cyathea pauciflora,0,2500,2500
Cyathea pilosissima,1200,2800,1600
Cyathea planadae,0,1200,1200
Cyathea pungens,1200,1600,400
Cyathea squamipes,1700,2800,1100
Cyathea straminea,0,1000,1000
Cyathea suprastrigosa,400,400,0
Cybianthus humilis,1500,1900,400
Cybianthus iteoides,1700,2500,800
Cybianthus laurifolius,1900,2700,800
Cybianthus marginatus,800,2700,1900
Cybianthus pastensis,600,2600,2000
Cybianthus poeppigii,0,2300,2300
Cybianthus schlimii,0,1900,1900
Cybianthus venezuelanus,1200,2500,1300
Cymbopetalum sanchezii,100,100,0
Cynometra bauhiniifolia,0,300,300
Cynophalla flexuosa,200,2100,1900
Dacryodes acuptipyrena,0,0,0
Dacryodes belemensis,0,1300,1300
Dacryodes peruviana,200,1400,1200
Delostoma integrifolium,1400,2400,1000
Dendrobangia boliviana,0,1600,1600
Dendropanax arboreus,1700,3200,1500
Dendropanax caucanus,0,2600,2600
Dendropanax cuneatus,100,1300,1200
Dendropanax macrophyllus,500,1700,1200
Dialium guianense,300,900,600
Dicksonia karsteniana,0,3000,3000
Dicksonia sellowiana,1200,2700,1500
Dictyocaryum lamarckianum,0,2000,2000
Dieffenbachia seguine,0,2000,2000
Dilodendron costaricense,300,1300,1000
Dimorphandra macrostachya,100,1100,1000
Dioicodendron dioicum,0,2800,2800
Diospyros artanthifolia,100,1000,900
Discophora guianensis,900,1600,700
Doliocarpus dentatus,800,2800,2000
Drimys granadensis,900,2600,1700
Duguetia antioquensis,1100,1100,0
Duguetia caniflora,0,0,0
Duguetia colombiana,100,100,0
Duguetia gentryi,200,200,0
Duguetia hadrantha,0,700,700
Dunalia solanacea,1900,2300,400
Duroia hirsuta,500,1300,800
Dussia lehmannii,2100,2200,100
Dussia macroprophyllata,0,2400,2400
Dussia tessmannii,100,2200,2100
Dystovomita paniculata,300,2000,1700
Ecclinusa lanceolata,200,1200,1000
Ecclinusa ramiflora,200,800,600
Elaeagia ecuadorensis,0,1200,1200
Elaeagia karstenii,0,2300,2300
Elaeagia mariae,1600,2400,800
Elaeagia myriantha,500,2300,1800
Elaeagia pastoensis,900,2000,1100
Elaeagia utilis,1500,2000,500
Endlicheria formosa,0,2100,2100
Endlicheria gracilis,0,1200,1200
Endlicheria griseo-sericea,800,2000,1200
Endlicheria griseosericea,800,2000,1200
Endlicheria metallica,900,2000,1100
Endlicheria pyriformis,300,1600,1300
Endlicheria sericea,0,2100,2100
Endlicheria tschudyana,0,200,200
Entada gigas,600,1400,800
Enterolobium cyclocarpum,0,2000,2000
Enterolobium schomburgkii,0,700,700
Eriotheca globosa,0,900,900
Erythrina berteroana,0,1400,1400
Erythrina edulis,2000,3300,1300
Erythrina poeppigiana,1300,2300,1000
Erythroxylum citrifolium,0,2300,2300
Erythroxylum gracilipes,0,2000,2000
Erythroxylum havanense,200,200,0
Erythroxylum hondense,900,1200,300
Erythroxylum macrophyllum,0,2200,2200
Erythroxylum oxycarpum,600,600,0
Escallonia myrtilloides,1800,3600,1800
Escallonia paniculata,0,3200,3200
Escallonia pendula,800,2700,1900
Eschweilera albiflora,100,1200,1100
Eschweilera antioquensis,0,2400,2400
Eschweilera bogotensis,200,1600,1400
Eschweilera bracteosa,0,500,500
Eschweilera caudiculata,500,3200,2700
Eschweilera coriacea,600,2000,1400
Eschweilera microcalyx,200,200,0
Eschweilera panamensis,0,600,600
Eschweilera sessilis,100,1800,1700
Eschweilera tenax,0,0,0
Eugenia anastomosans,0,1900,1900
Eugenia biflora,500,2000,1500
Eugenia dittocrepis,900,1900,1000
Eugenia egensis,600,2100,1500
Eugenia feijoi,300,1900,1600
Eugenia florida,500,3100,2600
Eugenia limbosa,0,1700,1700
Eugenia oerstediana,0,1100,1100
Eugenia rhombea,0,0,0
Eugenia tamaensis,0,500,500
Eugenia uniflora,600,2100,1500
Euphorbia arenaria,0,2100,2100
Euplassa duquei,0,2400,2400
Euterpe precatoria,1300,2300,1000
Faramea anisocalyx,100,2700,2600
Faramea calyptrata,0,1600,1600
Faramea capillipes,600,1200,600
Faramea cuspidata,1700,2100,400
Faramea eurycarpa,0,2500,2500
Faramea fragrans,200,1900,1700
Faramea jasminoides,900,2800,1900
Faramea multiflora,1700,2900,1200
Faramea oblongifolia,500,2400,1900
Faramea occidentalis,700,2500,1800
Faramea parvibractea,0,1300,1300
Faramea quinqueflora,0,2700,2700
Ferdinandusa loretensis,0,900,900
Ficus americana,1600,3800,2200
Ficus apollinaris,400,1800,1400
Ficus brevibracteata,100,2000,1900
Ficus carchiana,0,1000,1000
Ficus cervantesiana,0,2200,2200
Ficus citrifolia,600,3200,2600
Ficus coerulescens,0,1600,1600
Ficus crassiuscula,0,1100,1100
Ficus crocata,0,1600,1600
Ficus cuatrecasana,0,2500,2500
Ficus cuatrecasasiana,300,2400,2100
Ficus donnell-smithii,300,3400,3100
Ficus dulciaria,300,1200,900
Ficus eliadis,0,0,0
Ficus eximia,0,1700,1700
Ficus gigantosyce,700,2700,2000
Ficus gomelleira,400,2200,1800
Ficus guianensis,0,2600,2600
Ficus hartwegii,700,2800,2100
Ficus insipida,800,2900,2100
Ficus krukovii,0,1900,1900
Ficus lacunata,300,900,600
Ficus macbridei,100,1600,1500
Ficus mathewsii,0,1600,1600
Ficus maxima,0,3400,3400
Ficus mutisii,0,2100,2100
Ficus obtusifolia,800,1900,1100
Ficus pallida,0,3200,3200
Ficus paraensis,800,1700,900
Ficus pertusa,700,2000,1300
Ficus popenoei,0,300,300
Ficus schippii,1000,1900,900
Ficus tonduzii,1000,2900,1900
Ficus tovarensis,600,600,0
Ficus trianae,0,1100,1100
Ficus trigona,0,2800,2800
Ficus velutina,1900,2400,500
Frangula goudotiana,1600,2100,500
Frangula granulosa,100,1900,1800
Frangula sphaerosperma,800,3300,2500
Freziera candicans,900,1400,500
Freziera canescens,900,3200,2300
Freziera chrysophylla,0,1500,1500
Freziera karsteniana,0,1700,1700
Freziera punctata,700,1200,500
Freziera reticulata,0,1800,1800
Freziera verrucosa,0,2500,2500
Fusaea longifolia,100,1900,1800
Gaiadendron punctatum,2200,3700,1500
Garcinia intermedia,800,1900,1100
Garcinia macrophylla,900,1800,900
Garcinia madruno,1100,2500,1400
Geissanthus ambigua,800,2800,2000
Geissanthus andinus,1100,1700,600
Alsophila cuspidata,1200,1900,700
Alsophila engelii,0,1600,1600
Alsophila erinacea,1500,2400,900
Alsophila incana,0,1400,1400
Alzatea verticillata,200,2100,1900
Amaioua guianensis,400,1600,1200
Ampelocera edentula,0,1500,1500
Ampelocera longissima,0,1100,1100
Ampelocera macrocarpa,500,500,0
Amphirrhox longifolia,0,700,700
Amyris ignea,0,0,0
Amyris pinnata,1100,1200,100
Amyris sylvatica,700,1100,400
Anacardium excelsum,0,2400,2400
Anacardium giganteum,0,600,600
Anacardium occidentale,0,1300,1300
Anadenanthera colubrina,0,2200,2200
Anadenanthera columbrina,0,2200,2200
Anaxagorea brevipes,0,1000,1000
Andira chigorodensis,0,900,900
Andira inermis,200,2000,1800
Andira surinamensis,200,700,500
Andira taurotesticulata,0,1800,1800
Aniba canelilla,600,800,200
Aniba coto,100,2100,2000
Aniba hostmanniana,0,2000,2000
Aniba muca,1600,2700,1100
Aniba panurensis,200,2900,2700
Aniba perutilis,400,2900,2500
Aniba puchury-minor,100,3400,3300
Aniba riparia,0,2100,2100
Aniba robusta,0,2100,2100
Annona amazonica,0,700,700
Annona cherimola,400,2700,2300
Annona cuspidata,0,1700,1700
Geissanthus betancurii,1400,1400,0
Geissanthus bogotensis,0,2200,2200
Geissanthus ecuadorensis,0,2000,2000
Geissanthus fragrans,0,600,600
Geissanthus longistamineus,100,2800,2700
Geissanthus occidentalis,0,2400,2400
Genipa americana,500,2200,1700
Geonoma deversa,600,2500,1900
Geonoma orbignyana,1900,3100,1200
Geonoma undata,1300,3100,1800
Gloeospermum longifolium,500,2100,1600
Gloeospermum sphaerocarpum,900,1900,1000
Glossoloma tetragonoides,300,2700,2400
Godmania aesculifolia,0,3100,3100
Gonzalagunia cornifolia,0,3100,3100
Gonzalagunia dicocca,0,1600,1600
Gordonia fruticosa,1400,3300,1900
Gordonia robusta,1700,1700,0
Goupia glabra,0,800,800
Graffenrieda cucullata,1100,2300,1200
Graffenrieda emarginata,200,2300,2100
Graffenrieda galeottii,0,1700,1700
Graffenrieda gracilis,1000,1800,800
Graffenrieda intermedia,0,1600,1600
Graffenrieda latifolia,0,2100,2100
Graffenrieda micrantha,300,300,0
Graffenrieda santamartensis,700,700,0
Grias haughtii,500,1200,700
Guapira costaricana,1500,1700,200
Guapira pubescens,1100,1100,0
Guarea cartaguenya,100,1600,1500
Guarea glabra,1000,2100,1100
Guarea grandifolia,0,2300,2300
Guarea guidonia,1300,2200,900
Guarea kunthiana,2100,3000,900
Guarea macrophylla,1100,2400,1300
Guarea pterorhachis,800,1700,900
Guarea purusana,0,1800,1800
Guarea pyriformis,0,900,900
Guarea silvatica,0,1400,1400
Guatteria aberrans,800,800,0
Guatteria amplifolia,1800,2500,700
Guatteria asplundiana,1800,1900,100
Guatteria blepharophylla,700,1900,1200
Guatteria cargadero,0,2200,2200
Guatteria cestrifolia,200,1700,1500
Guatteria columbiana,1700,1700,0
Guatteria glauca,500,2700,2200
Guatteria goudotiana,800,2300,1500
Guatteria hirsuta,1600,2100,500
Guatteria hyposericea,0,200,200
Guatteria laurina,1800,1800,0
Guatteria megalophylla,600,2000,1400
Guatteria pittieri,500,1700,1200
Guatteria punctata,1700,2200,500
Guatteria recurvisepala,0,2600,2600
Guatteria schomburgkiana,100,700,600
Guazuma ulmifolia,1300,3400,2100
Guettarda aromatica,0,1800,1800
Guettarda crispiflora,1100,3200,2100
Guettarda dependens,600,2700,2100
Guettarda malacophylla,0,400,400
Guettarda roupalifolia,0,1700,1700
Guettarda sanblasensis,0,600,600
Guettarda tournefortiopsis,0,1900,1900
Gustavia dubia,800,800,0
Gustavia hexapetala,100,1500,1400
Gustavia nana,0,500,500
Gustavia poeppigiana,0,900,900
Gustavia romeroi,0,700,700
Gustavia speciosa,200,1300,1100
Gustavia superba,0,1700,1700
Gyrocarpus americanus,1200,1200,0
Handroanthus chrysanthus,0,2300,2300
Handroanthus impetiginosus,0,1600,1600
Handroanthus obscurus,0,200,200
Handroanthus ochraceus,0,2100,2100
Handroanthus serratifolius,700,1100,400
Hasseltia floribunda,1600,2400,800
Hasseltia lateriflora,0,500,500
Haydenoxylon gentryi,1400,1800,400
Hebeclinium phoenicticum,1400,1400,0
Hebepetalum humiriifolium,0,800,800
Hedyosmum angustifolium,0,2700,2700
Hedyosmum bonplandianum,2500,2800,300
Hedyosmum crenatum,1600,2100,500
Hedyosmum cuatrecazanum,700,3100,2400
Hedyosmum cumbalense,1000,3200,2200
Hedyosmum gentryi,200,1100,900
Hedyosmum goudotianum,800,2700,1900
Hedyosmum luteynii,0,3100,3100
Hedyosmum maximum,0,1800,1800
Hedyosmum parvifolium,800,1100,300
Hedyosmum racemosum,2100,3300,1200
Hedyosmum scaberrimum,0,1900,1900
Hedyosmum scabrum,0,2400,2400
Hedyosmum sprucei,600,2700,2100
Hedyosmum translucidum,300,1900,1600
Heisteria acuminata,900,3100,2200
Heisteria latifolia,600,1600,1000
Heisteria nitida,0,1500,1500
Heliconia nigripraefixa,600,900,300
Helicostylis scabra,0,900,900
Helicostylis tomentosa,600,2400,1800
Helicostylis tovarensis,800,2000,1200
Helicteres baruensis,1200,1900,700
Heliocarpus americanus,400,2900,2500
Henriettea fissanthera,0,1700,1700
Henriettea trachyphylla,1600,1700,100
Henriettea verrucosa,0,1400,1400
Hernandia didymantha,0,300,300
Herrania balaensis,0,700,700
Herrania laciniifolia,300,300,0
Herrania purpurea,0,200,200
Hesperomeles ferruginea,1700,3700,2000
Hesperomeles goudotiana,1200,1400,200
Hesperomeles obtusifolia,1500,3400,1900
Heteropterys laurifolia,300,1600,1300
Hevea guianensis,500,3000,2500
Hieronyma alchorneoides,2000,2400,400
Hieronyma antioquensis,500,800,300
Hieronyma asperifolia,500,2000,1500
Hieronyma duquei,300,2500,2200
Hieronyma fendleri,500,3000,2500
Hieronyma huilensis,1900,2500,600
Hieronyma macrocarpa,0,2500,2500
Hieronyma oblonga,2000,2800,800
Hieronyma rufa,400,500,100
Hieronyma scabrida,500,1300,800
Hillia parasitica,500,2400,1900
Himatanthus articulatus,500,1200,700
Hippotis albiflora,0,1800,1800
Hippotis brevipes,0,2100,2100
Hirtella bicornis,0,900,900
Hirtella eriandra,0,600,600
Hirtella mutisii,400,1600,1200
Hirtella pilosissima,0,1300,1300
Hirtella racemosa,400,1300,900
Hirtella triandra,400,2500,2100
Hirtella tubiflora,0,1000,1000
Hoffmannia longipetiolata,0,2500,2500
Hortia brasiliana,0,1200,1200
Huberodendron patinoi,400,1000,600
Huertea glandulosa,0,2300,2300
Huertea granadina,1000,1000,0
Humiriastrum colombianum,0,500,500
Hura crepitans,500,2700,2200
Hymenaea courbaril,600,1900,1300
Hymenaea oblongifolia,300,1100,800
Hymenopus heteromorphus,0,1400,1400
Hyospathe elegans,400,2700,2300
Hyptidendron arboreum,0,1600,1600
Ilex andicola,0,1600,1600
Ilex colombiana,0,400,400
Ilex danielis,400,1100,700
Ilex goudotii,600,1200,600
Ilex guayusa,0,2800,2800
Ilex karstenii,0,400,400
Ilex laurina,0,2700,2700
Ilex myricoides,100,1600,1500
Ilex nervosa,700,1900,1200
Ilex pernervata,1500,1900,400
Ilex pustulosa,0,500,500
Ilex sessiliflora,500,1100,600
Inga acreana,1100,2200,1100
Inga acrocephala,1300,2500,1200
Inga acuminata,300,2400,2100
Inga alba,700,1700,1000
Inga bourgonii,600,2000,1400
Inga capitata,400,2600,2200
Inga chartacea,300,2100,1800
Inga cinnamomea,0,1600,1600
Inga cocleensis,0,2800,2800
Inga coruscans,100,2400,2300
Inga densiflora,200,3400,3200
Inga edulis,400,2600,2200
Inga fendleriana,0,1600,1600
Inga heterophylla,800,1800,1000
Inga lallensis,200,2900,2700
Inga laurina,0,2100,2100
Inga lopadadenia,0,1100,1100
Inga macrophylla,0,1800,1800
Inga marginata,1400,2700,1300
Inga mucuna,0,2300,2300
Inga multijuga,1300,2100,800
Inga multinervis,0,1600,1600
Inga nobilis,2000,2400,400
Inga oerstediana,1400,2400,1000
Inga pezizifera,300,1700,1400
Inga pruriens,0,700,700
Inga punctata,1300,2900,1600
Inga ruiziana,1300,3000,1700
Inga sapindoides,600,2300,1700
Inga sertulifera,0,1600,1600
Inga setosa,100,2000,1900
Inga sierrae,0,1600,1600
Inga spectabilis,0,2100,2100
Inga stenoptera,200,2700,2500
Inga striata,800,2700,1900
Inga thibaudiana,1000,1800,800
Inga tomentosa,0,2200,2200
Inga umbellifera,400,2700,2300
Inga velutina,400,1900,1500
Inga venusta,0,1700,1700
Inga vera,0,3000,3000
Inga villosissima,0,2000,2000
Iriartea deltoidea,1200,2600,1400
Iryanthera hostmannii,300,800,500
Iryanthera juruensis,100,1300,1200
Iryanthera paraensis,200,1700,1500
Iryanthera ulei,0,1200,1200
Isertia laevis,900,2400,1500
Isidodendron tripterocarpum,100,100,0
Jacaranda caucana,2000,3000,1000
Jacaranda copaia,500,2300,1800
Jacaranda glabra,0,2400,2400
Jacaranda hesperia,0,1100,1100
Jacaranda mimosifolia,300,1800,1500
Jacaranda obtusifolia,100,1000,900
Jacaratia chocoensis,0,600,600
Jacaratia digitata,600,2100,1500
Joosia umbellifera,0,2000,2000
Juglans neotropica,700,2900,2200
Klarobelia anomala,0,300,300
Lacistema aggregatum,0,2000,2000
Lacistema nena,0,1100,1100
Lacmellea edulis,0,1600,1600
Lacunaria crenata,200,1300,1100
Ladenbergia macrocarpa,0,2800,2800
Ladenbergia macrophylla,0,200,200
Ladenbergia magdalenae,1500,1500,0
Ladenbergia moritziana,0,0,0
Ladenbergia muzonensis,0,1900,1900
Ladenbergia oblongifolia,1900,3100,1200
Lafoensia acuminata,0,2500,2500
Lecointea amazonica,0,1000,1000
Lecythis ampla,0,1400,1400
Lecythis mesophylla,800,800,0
Lecythis minor,0,200,200
Lecythis tuyrana,200,500,300
Leonia glycycarpa,700,1900,1200
Leonia occidentalis,100,900,800
Leonia triandra,0,2800,2800
Leucaena trichodes,200,3100,2900
Licania canescens,0,500,500
Licania harlingii,0,900,900
Licania hypoleuca,200,900,700
Licania micrantha,100,1200,1100
Licania octandra,0,800,800
Licaria applanata,1300,1900,600
Licaria canella,1200,2700,1500
Licaria cannella,1200,2700,1500
Licaria triandra,800,2100,1300
Ligustrum lucidum,0,3200,3200
Lindackeria laurina,500,1000,500
Lindackeria paludosa,400,1800,1400
Lippia americana,0,1200,1200
Lippia hirsuta,0,3200,3200
Lonchocarpus macrophyllus,800,1400,600
Lonchocarpus sericeus,0,1200,1200
Lonchocarpus velutinus,2000,2000,0
Lozanella enantiophylla,800,2400,1600
Lozania mutisiana,500,2700,2200
Luehea seemannii,0,2100,2100
Lunania parviflora,500,2300,1800
Lycianthes inaequilatera,1300,2900,1600
Lycianthes pauciflora,1700,2200,500
Mabea occidentalis,300,2000,1700
Mabea trianae,600,1500,900
Machaerium acutifolium,0,1500,1500
Machaerium biovulatum,0,1300,1300
Machaerium capote,900,1100,200
Machaerium floribundum,200,1400,1200
Machaerium hirtum,0,1800,1800
Machaerium lanceolatum,600,600,0
Machaerium moritzianum,1200,1200,0
Machaerium mutisii,0,600,600
Macleania rupestris,0,3600,3600
Maclura tinctoria,1300,3600,2300
Macrocarpaea glabra,1400,1900,500
Macrocarpaea macrophylla,2200,3100,900
Macrocnemum grandiflorum,0,300,300
Macrocnemum roseum,1400,2400,1000
Macrohasseltia macroterantha,400,400,0
Macrolobium colombianum,700,2000,1300
Macrolobium gracile,100,1500,1400
Macrolobium pittieri,500,500,0
Magnolia cespedesii,0,0,0
Magnolia chimantensis,300,300,0
Magnolia espinalii,700,700,0
Magnolia silvioi,900,900,0
Magnolia urraoensis,1100,1100,0
Magnolia yarumalensis,2400,2400,0
Malmea dimera,0,0,0
Malouetia guatemalensis,500,500,0
Malpighia glabra,200,2000,1800
Manilkara bidentata,700,1800,1100
Manilkara chicle,100,100,0
Maprounea guianensis,700,1200,500
Maquira calophylla,0,2100,2100
Maquira guianensis,0,2700,2700
Marcgraviastrum macrocarpum,0,1600,1600
Margaritaria nobilis,1000,2600,1600
Marila geminata,600,600,0
Marila laxiflora,600,2300,1700
Marila podantha,0,1000,1000
Matayba adenanthera,100,1200,1100
Matayba arborescens,0,2300,2300
Matayba camptoneura,0,1700,1700
Matayba elegans,0,2400,2400
Matayba guianensis,0,1900,1900
Matayba peruviana,0,1700,1700
Matayba purgans,200,1600,1400
Matayba scrobiculata,200,600,400
Matisia castano,200,1600,1400
Matisia cornu-copiae,0,1900,1900
Matisia floccosa,0,1800,1800
Matisia idroboi,0,1700,1700
Matudaea colombiana,200,1000,800
Mauria ferruginea,0,2600,2600
Mauria heterophylla,0,3000,3000
Mauria simplicifolia,0,3000,3000
Mauritia flexuosa,0,2000,2000
Mayna grandifolia,0,1400,1400
Mayna odorata,1100,1700,600
Mayna suaveolens,0,200,200
Maytenus longipes,700,700,0
Maytenus verticillata,0,2300,2300
Melicoccus bijugatus,700,1500,800
Melicoccus oliviformis,0,300,300
Meliosma bogotana,0,1300,1300
Meliosma echeverryana,0,1300,1300
Meliosma frondosa,800,2900,2100
Meliosma glossophylla,0,1700,1700
Meliosma occidentalis,400,1900,1500
Annona edulis,200,1500,1300
Annona hypoglauca,0,500,500
Annona jahnii,0,500,500
Annona montana,200,1700,1500
Annona mucosa,1300,2500,1200
Annona muricata,1000,3400,2400
Annona papilionella,700,1700,1000
Annona quinduensis,500,2400,1900
Annona rensoniana,0,1800,1800
Aparisthmium cordatum,1000,2000,1000
Apeiba glabra,0,1100,1100
Apeiba membranacea,500,1100,600
Apeiba tibourbou,200,800,600
Aphelandra glabrata,0,1900,1900
Aphelandra lasiophylla,300,300,0
Aphelandra pulcherrima,0,1200,1200
Aphelandra runcinata,2000,2700,700
Aphelandra scolnikiae,700,700,0
Aptandra tubicina,0,800,800
Arachnothryx colombiana,700,2300,1600
Aralia excelsa,0,500,500
Ardisia foetida,2400,3000,600
Ardisia guianensis,500,2300,1800
Aspidosperma cruentum,0,100,100
Aspidosperma cuspa,0,900,900
Aspidosperma desmanthum,300,1900,1600
Aspidosperma excelsum,400,1600,1200
Aspidosperma megalocarpon,0,1200,1200
Aspidosperma parvifolium,0,1600,1600
Aspidosperma polyneuron,0,2200,2200
Aspidosperma spruceanum,400,1400,1000
Astrocaryum malybo,2000,2000,0
Astrocaryum triandrum,200,200,0
Astronium graveolens,600,1500,900
Astronium lecointei,0,1300,1300
Meliosma schlimii,0,1300,1300
Meliosma vasquezii,0,1700,1700
Meliosma violacea,2000,2200,200
Meriania albertiae,1300,1300,0
Meriania brachycera,1400,2100,700
Meriania grandidens,400,2100,1700
Meriania longifolia,1600,2500,900
Meriania mutisii,300,700,400
Meriania nobilis,800,2800,2000
Meriania quintuplinervis,700,1600,900
Meriania tomentosa,500,2100,1600
Miconia acanthocoryne,1300,1300,0
Miconia acutifolia,100,500,400
Miconia adinantha,0,700,700
Miconia affinis,600,3000,2400
Miconia albicans,100,2000,1900
Miconia alternans,0,1600,1600
Miconia aponeura,200,2900,2700
Miconia asperrima,300,2100,1800
Miconia astroplocama,300,1800,1500
Miconia biappendiculata,400,3100,2700
Miconia biglandulosa,0,2800,2800
Miconia brachycalyx,1200,3000,1800
Miconia bracteolata,200,2300,2100
Miconia brevitheca,1800,3300,1500
Miconia caesia,1400,2400,1000
Miconia calophylla,0,600,600
Miconia calvescens,900,3100,2200
Miconia caudata,0,2600,2600
Miconia centrodesma,500,3600,3100
Miconia chlorocarpa,0,1200,1200
Miconia chrysophylla,500,1800,1300
Miconia cladonia,1400,1800,400
Miconia clathrantha,0,2000,2000
Miconia costaricensis,700,1700,1000
Miconia crassinervia,0,800,800
Miconia cundinamarcensis,1200,1500,300
Miconia decurrens,500,1300,800
Miconia denticulata,0,1400,1400
Miconia divergens,400,900,500
Miconia dodecandra,700,1800,1100
Miconia dolichopoda,1600,2800,1200
Miconia dolichorrhyncha,1300,2500,1200
Miconia donaeana,100,700,600
Miconia elata,0,3400,3400
Miconia elongata,0,2500,2500
Miconia floribunda,200,2100,1900
Miconia fragrans,0,1500,1500
Miconia goniostigma,1200,2800,1600
Miconia gracilis,1400,1900,500
Miconia ibaguensis,0,2600,2600
Miconia incachacana,100,1300,1200
Miconia jahnii,1500,2700,1200
Miconia laetivirens,900,1500,600
Miconia lamprophylla,0,1900,1900
Miconia latifolia,0,3700,3700
Miconia lehmannii,2300,3100,800
Miconia ligustrina,900,3400,2500
Miconia lonchophylla,2000,2500,500
Miconia longifolia,0,2700,2700
Miconia matthaei,400,1300,900
Miconia microcarpa,0,0,0
Miconia micropetala,0,2100,2100
Miconia minutiflora,100,1900,1800
Miconia mirabilis,0,1700,1700
Miconia multiplinervia,0,3000,3000
Miconia myriantha,100,1100,1000
Miconia myrtillifolia,1100,2100,1000
Miconia notabilis,100,2400,2300
Miconia ochracea,500,2800,2300
Miconia orcheotoma,0,2000,2000
Miconia orescia,1800,2600,800
Miconia plena,100,1400,1300
Miconia poeppigii,200,2400,2200
Miconia prasina,800,3400,2600
Miconia pterocaulon,0,1300,1300
Miconia punctata,1800,2700,900
Miconia pustulata,1000,1500,500
Miconia quintuplinervia,200,1800,1600
Miconia reducens,0,2200,2200
Miconia resima,1800,2600,800
Miconia rivetii,0,2100,2100
Miconia rupticalyx,0,1300,1300
Miconia sandemanii,1000,1000,0
Miconia serrulata,300,2400,2100
Miconia smaragdina,1800,2600,800
Miconia spicellata,1200,1500,300
Miconia splendens,700,3700,3000
Miconia superposita,200,500,300
Miconia ternatifolia,300,2200,1900
Miconia theizans,1300,3300,2000
Miconia tinifolia,1600,2400,800
Miconia tonduzii,700,1200,500
Miconia trinervia,0,2500,2500
Miconia voronovii,0,0,0
Miconia wurdackii,1100,1300,200
Micropholis egensis,0,1000,1000
Micropholis guyanensis,900,2000,1100
Micropholis melinoniana,0,1600,1600
Micropholis venulosa,1100,1900,800
Minquartia guianensis,600,2700,2100
Mollinedia killipii,900,1700,800
Mollinedia lanceolata,0,2400,2400
Mollinedia minutiflora,700,700,0
Mollinedia ovata,1600,2600,1000
Mollinedia repanda,1200,3000,1800
Mollinedia tomentosa,0,2300,2300
Monnina aestuans,1400,2500,1100
Morella parvifolia,0,3500,3500
Morella pubescens,1100,3600,2500
Morisonia americana,700,2100,1400
Morisonia oblongifolia,0,1100,1100
Morus alba,0,2400,2400
Mosannona hypoglauca,100,100,0
Mouriri nigra,0,1000,1000
Moutabea gentryi,0,700,700
Muntingia calabura,300,3300,3000
Myrcia cucullata,1700,2200,500
Myrcia minutiflora,0,200,200
Myrcia mollis,0,2500,2500
Myrcia neesiana,0,2100,2100
Myrcia paivae,1000,3400,2400
Myrcia paive,1000,3400,2400
Myrcia popayanensis,1800,1900,100
Myrcia splendens,2300,2900,600
Myrcia sylvatica,600,2100,1500
Myrcianthes karsteniana,0,0,0
Myrcianthes myrsinoides,100,3200,3100
Myrcianthes orthostemon,0,2800,2800
Myrcianthes rhopaloides,1000,2500,1500
Myriocarpa stipitata,400,2800,2400
Myroxylon balsamum,0,1600,1600
Myrsine andina,700,3100,2400
Myrsine coriacea,0,3300,3300
Myrsine dependens,1600,2600,1000
Myrsine guianensis,600,3300,2700
Myrsine latifolia,2100,3000,900
Myrsine oligophylla,0,1800,1800
Myrsine pellucida,2500,3300,800
Myrsine pellucidopunctata,1600,3100,1500
Naucleopsis capirensis,1700,1800,100
Naucleopsis glabra,0,2100,2100
Naucleopsis naga,0,1900,1900
Naucleopsis ulei,100,1500,1400
Nectandra acutifolia,1500,2800,1300
Nectandra cissiflora,0,2500,2500
Nectandra cuspidata,1100,2300,1200
Nectandra laurel,1300,2200,900
Nectandra lineata,0,2600,2600
Nectandra lineatifolia,0,2800,2800
Nectandra longifolia,0,1800,1800
Nectandra membranacea,0,2800,2800
Nectandra obtusata,0,3100,3100
Nectandra reticulata,2100,3300,1200
Neea amplifolia,0,1800,1800
Neea divaricata,700,1900,1200
Neea floribunda,400,1700,1300
Neea macrophylla,800,1800,1000
Neea ovalifolia,100,1800,1700
Neea parviflora,500,1700,1200
Neea spruceana,1000,1400,400
Neea virens,0,1400,1400
Norantea guianensis,400,1900,1500
Notopleura macrophylla,1900,2900,1000
Notopleura siggersiana,300,2900,2600
Ochroma pyramidale,1200,3200,2000
Ocotea aciphylla,1800,2800,1000
Ocotea arnottiana,0,1000,1000
Ocotea benthamiana,100,1300,1200
Ocotea bofo,200,2300,2100
Ocotea cernua,800,2800,2000
Ocotea costulata,300,2000,1700
Ocotea floribunda,1200,3000,1800
Ocotea guianensis,700,3300,2600
Ocotea infrafoveolata,0,2400,2400
Ocotea insularis,500,2900,2400
Ocotea javitensis,0,2300,2300
Ocotea jelskii,0,1200,1200
Ocotea leucoxylon,0,2400,2400
Ocotea longifolia,1400,2800,1400
Ocotea macropoda,1500,2100,600
Ocotea micans,0,1800,1800
Ocotea multinervis,0,300,300
Ocotea oblonga,1300,3000,1700
Ocotea olivacea,0,1700,1700
Ocotea pacifica,0,2200,2200
Ocotea pichinchensis,0,200,200
Ocotea puberula,500,2800,2300
Ocotea rufa,300,1100,800
Ocotea sericea,0,2200,2200
Ocotea smithiana,1000,1600,600
Ocotea terciopelo,800,800,0
Ocotea tessmannii,700,2000,1300
Oenocarpus bacaba,0,400,400
Oenocarpus bataua,700,1300,600
Oenocarpus mapora,700,3500,2800
Oenocarpus minor,0,2300,2300
Olmedia aspera,1300,3000,1700
Oreopanax albanensis,0,1100,1100
Oreopanax bogotensis,1400,1900,500
Oreopanax capitatus,0,3000,3000
Oreopanax discolor,1600,2000,400
Oreopanax incisus,0,2200,2200
Oreopanax microflorous,0,2200,2200
Oreopanax palamophyllus,400,2100,1700
Oreopanax seemannianus,0,1800,1800
Ormosia antioquensis,1300,1300,0
Ormosia cuatrecasasii,1200,1200,0
Orthaea glandulifera,0,1100,1100
Ossaea micrantha,0,3500,3500
Osteophloeum platyspermum,600,1300,700
Otoba acuminata,0,0,0
Otoba gordoniifolia,900,2100,1200
Otoba novogranatensis,1600,1900,300
Otoba parvifolia,100,2400,2300
Ouratea amplifolia,200,1100,900
Ouratea pendula,0,500,500
Ouratea rubricyanea,400,400,0
Oxandra espintana,0,900,900
Oxandra longipetala,0,200,200
Oxandra panamensis,0,400,400
Oxandra polyantha,0,2000,2000
Oxandra venezuelana,700,700,0
Pachira mutisiana,200,200,0
Pachira sessilis,300,300,0
Palicourea acetosoides,1900,2300,400
Palicourea amethystina,1100,2700,1600
Palicourea andaluciana,0,2500,2500
Palicourea andrei,0,1700,1700
Palicourea angustifolia,400,3200,2800
Palicourea apicata,300,2100,1800
Palicourea calophlebia,900,1400,500
Palicourea cogolloi,1700,1700,0
Palicourea demissa,1400,2900,1500
Palicourea garciae,300,3200,2900
Palicourea guianensis,1600,3400,1800
Palicourea latifolia,200,2100,1900
Palicourea leuconeura,0,1600,1600
Palicourea luteonivea,0,2300,2300
Palicourea lyristipula,400,3000,2600
Palicourea obovata,1400,3200,1800
Palicourea palenquensis,0,1900,1900
Palicourea perquadrangularis,1400,2400,1000
Palicourea pyramidalis,1300,2500,1200
Palicourea rigidifolia,0,2200,2200
Palicourea schlimii,500,500,0
Palicourea stipularis,700,3100,2400
Palicourea sulphurea,400,3200,2800
Palicourea thyrsiflora,2300,2800,500
Palicourea weberbaueri,700,2300,1600
Panopsis metcalfii,700,800,100
Panopsis mucronata,300,1500,1200
Panopsis polystachya,0,2100,2100
Panopsis rubescens,0,2600,2600
Panopsis suaveolens,0,2800,2800
Panopsis yolombo,700,2200,1500
Paragynoxys corei,1200,1200,0
Parathesis adenanthera,300,1700,1400
Parinari pachyphylla,0,300,300
Passiflora arborea,400,2600,2200
Passiflora macrophylla,1100,1800,700
Paullinia capreolata,200,1900,1700
Pausandra trianae,0,700,700
Peltogyne paniculata,0,1000,1000
Peltogyne purpurea,500,500,0
Pentacalia disciformis,0,1200,1200
Pentacalia theifolia,1300,2300,1000
Pentagonia grandiflora,0,1500,1500
Pentagonia macrophylla,0,2600,2600
Peperomia elongata,0,2800,2800
Pera arborea,0,1300,1300
Pera colombiana,2000,2000,0
Pera glabrata,0,1200,1200
Perebea angustifolia,900,1800,900
Perebea guianensis,1100,2000,900
Perebea xanthochyma,800,1900,1100
Perissocarpa steyermarkii,700,1500,800
Perrottetia gentryi,0,1800,1800
Perrottetia sessiliflora,400,1900,1500
Persea americana,500,3300,2800
Persea areolatocostae,1300,2600,1300
Persea caerulea,1500,3100,1600
Persea chrysophylla,0,1000,1000
Persea cuneata,0,1700,1700
Persea ferruginea,100,1900,1800
Persea mutisii,100,2000,1900
Persea povedae,0,700,700
Persea pseudofasciculata,0,2000,2000
Persea rigens,1700,2000,300
Persea subcordata,400,2300,1900
Petrea pubescens,0,3700,3700
Phenakospermum guyannense,0,1300,1300
Pholidostachys dactyloides,700,1400,700
Phyllanthus acuminatus,1100,2600,1500
Phyllanthus attenuatus,1300,2600,1300
Phyllanthus brasiliensis,100,3500,3400
Phytolacca dioica,0,2200,2200
Picramnia latifolia,500,2400,1900
Picramnia sellowii,1100,2800,1700
Picrolemma huberi,0,2000,2000
Pinus patula,700,1900,1200
Piper adenandrum,2100,2100,0
Axinaea colombiana,0,300,300
Axinaea lehmannii,1300,1700,400
Axinaea macrophylla,1300,2300,1000
Axinaea pennellii,300,900,600
Axinaea scutigera,0,1800,1800
Baccharis brachylaenoides,800,2500,1700
Baccharis latifolia,700,3600,2900
Baccharis oblongifolia,1300,3000,1700
Bactris barronis,600,600,0
Bactris gasipaes,200,2000,1800
Bactris maraja,100,1100,1000
Bactris pilosa,700,700,0
Bactris setulosa,100,2000,1900
Banara glauca,0,1400,1400
Banara guianensis,1500,2900,1400
Banara ibaguensis,200,2200,2000
Barnadesia parviflora,600,2300,1700
Batocarpus costaricensis,0,1100,1100
Bauhinia picta,100,2300,2200
Bauhinia tarapotensis,0,1400,1400
Beilschmiedia alloiophylla,0,2100,2100
Beilschmiedia costaricensis,0,2500,2500
Beilschmiedia latifolia,0,2200,2200
Beilschmiedia pendula,400,1500,1100
Beilschmiedia sulcata,0,1200,1200
Beilschmiedia tovarensis,900,2700,1800
Bejaria aestuans,900,3400,2500
Bejaria resinosa,0,3300,3300
Bellucia grossularioides,0,1900,1900
Bellucia pentamera,900,2400,1500
Bertiera angustifolia,0,2200,2200
Besleria formosa,1700,2600,900
Billia rosea,2400,3700,1300
Blakea cuatrecasii,1100,1500,400
Blakea holtonii,300,1100,800
Piper aduncum,1000,3100,2100
Piper amalago,500,2300,1800
Piper andreanum,0,1900,1900
Piper arboreum,1000,2400,1400
Piper archeri,900,2100,1200
Piper artanthe,0,3100,3100
Piper augustum,900,3100,2200
Piper barbatum,200,2900,2700
Piper carpunya,0,2600,2600
Piper cernuum,1200,2200,1000
Piper crassinervium,1200,3100,1900
Piper daniel-gonzalezii,800,900,100
Piper divulgatum,0,1300,1300
Piper glanduligerum,600,2100,1500
Piper gorgonillense,1100,1500,400
Piper grande,100,2200,2100
Piper imperiale,1600,2800,1200
Piper lacunosum,400,2600,2200
Piper longispicum,1100,1400,300
Piper marequitense,200,1600,1400
Piper munchanum,1200,2200,1000
Piper nubigenum,500,3000,2500
Piper obliquum,700,2600,1900
Piper phytolaccifolium,0,2600,2600
Piper reticulatum,0,1300,1300
Piper scobinifolium,500,800,300
Piper tuberculatum,500,2100,1600
Piptadenia uliginosa,1800,1800,0
Piptocoma discolor,0,3100,3100
Pisonia aculeata,0,1000,1000
Pithecellobium dulce,1300,1500,200
Platymiscium darienense,0,1400,1400
Platymiscium hebestachyum,300,1800,1500
Platymiscium pinnatum,0,2300,2300
Platymiscium stipulare,100,1700,1600
Platypodium elegans,0,2200,2200
Pleuranthodendron lindenii,300,1100,800
Pleurothyrium cuneifolium,800,2200,1400
Pleurothyrium glabritepalum,100,1300,1200
Pleurothyrium trianae,600,2100,1500
Plumeria rubra,0,2400,2400
Podocarpus guatemalensis,800,1700,900
Podocarpus magnifolius,300,1700,1400
Podocarpus oleifolius,1600,3300,1700
Poeppigia procera,0,400,400
Pogonopus speciosus,0,2500,2500
Pogonopus tubulosus,0,2300,2300
Polybotrya polybotryoides,0,2000,2000
Posoqueria chocoana,0,1300,1300
Posoqueria coriacea,1900,3200,1300
Posoqueria latifolia,300,2700,2400
Potalia amara,500,1100,600
Poulsenia armata,800,1900,1100
Pourouma bicolor,700,1700,1000
Pourouma cecropiifolia,900,2000,1100
Pourouma guianensis,200,1700,1500
Pourouma hirsutipetiolata,400,1000,600
Pourouma melinonii,0,1700,1700
Pourouma minor,700,3000,2300
Pourouma mollis,0,1800,1800
Pouteria baehniana,1000,2100,1100
Pouteria bangii,0,1800,1800
Pouteria bilocularis,0,1700,1700
Pouteria caimito,1000,2400,1400
Pouteria cuspidata,800,1500,700
Pouteria durlandii,0,1300,1300
Pouteria glomerata,0,1400,1400
Pouteria guianensis,0,0,0
Pouteria lucuma,1400,2400,1000
Pouteria multiflora,0,1800,1800
Pouteria reticulata,100,1100,1000
Pouteria sapota,0,1400,1400
Pouteria stipitata,200,200,0
Pouteria subrotata,0,900,900
Pouteria torta,1400,3900,2500
Pouteria trilocularis,600,1700,1100
Pradosia colombiana,600,600,0
Praecereus euchlorus,0,1400,1400
Prestoea acuminata,1500,2500,1000
Prestoea decurrens,800,1500,700
Prestoea ensiformis,0,2100,2100
Prionostemma asperum,300,600,300
Protium altsonii,0,3300,3300
Protium amazonicum,0,1200,1200
Protium amplum,0,1600,1600
Protium apiculatum,100,1700,1600
Protium aracouchini,600,1400,800
Protium colombianum,0,2000,2000
Protium cundinamarcense,0,0,0
Protium cuneatum,0,200,200
Protium divaricatum,100,1300,1200
Protium ecuadorense,800,1700,900
Protium glabrescens,0,2000,2000
Protium guianense,0,900,900
Protium hebetatum,200,3400,3200
Protium laxiflorum,0,500,500
Protium macrophyllum,0,800,800
Protium opacum,0,1600,1600
Protium panamense,300,300,0
Protium sagotianum,0,1000,1000
Protium spruceanum,100,1300,1200
Protium subserratum,800,1200,400
Protium tenuifolium,300,1600,1300
Protium tovarense,1200,2000,800
Protium unifoliolatum,0,2000,2000
Prumnopitys harmsiana,0,2100,2100
Prumnopitys montana,0,3100,3100
Prunus debilis,1400,2800,1400
Prunus falcata,0,600,600
Prunus huantensis,0,2300,2300
Prunus integrifolia,200,2800,2600
Prunus muris,400,1300,900
Prunus myrtifolia,0,600,600
Prunus ocellata,0,800,800
Prunus opaca,1300,1800,500
Prunus subcorymbosa,1000,1800,800
Prunus urotaenia,0,1100,1100
Psammisia graebneriana,700,1600,900
Psammisia macrophylla,2400,2500,100
Pseudobombax septenatum,300,1400,1100
Pseudolmedia laevigata,1300,1800,500
Pseudolmedia laevis,1000,2400,1400
Pseudolmedia macrophylla,0,1500,1500
Pseudolmedia rigida,400,2800,2400
Pseudomalmea boyacana,500,500,0
Pseudoxandra pacifica,0,0,0
Pseudoxandra sclerocarpa,900,900,0
Psidium cattleyanum,2400,2900,500
Psidium guineense,800,2800,2000
Psychotria biaristata,0,2600,2600
Psychotria brachiata,1000,1800,800
Psychotria capitata,1100,1400,300
Psychotria cauligera,0,800,800
Psychotria ernestii,0,1200,1200
Psychotria fortuita,400,2700,2300
Psychotria grandis,400,900,500
Psychotria horizontalis,1100,2100,1000
Psychotria micrantha,0,2100,2100
Psychotria monsalveae,1000,1000,0
Psychotria officinalis,1500,2700,1200
Psychotria panamensis,1600,1900,300
Psychotria remota,0,1800,1800
Psychotria saltatrix,300,1500,1200
Pterandra colombiana,500,500,0
Pterocarpus acapulcensis,0,1400,1400
Pterocarpus officinalis,100,1200,1100
Pterocarpus rohrii,200,900,700
Pterygota colombiana,700,700,0
Purdiaea nutans,300,1800,1500
Quadrella odoratissima,1400,3100,1700
Qualea lineata,0,2800,2800
Qualea paraensis,300,1200,900
Quararibea cogolloi,400,400,0
Quararibea pterocalyx,300,300,0
Quercus humboldtii,2300,2500,200
Quiina amazonica,0,1400,1400
Quiina cruegeriana,0,1100,1100
Quiina florida,400,2000,1600
Quiina macrophylla,200,1100,900
Quiina obovata,0,700,700
Quiina pteridophylla,0,1300,1300
Randia armata,700,3200,2500
Randia hondensis,0,1900,1900
Rauvolfia leptophylla,200,2200,2000
Retiniphyllum concolor,500,1000,500
Retrophyllum rospigliosii,500,3200,2700
Rhodostemonodaphne grandis,0,700,700
Rhodostemonodaphne kunthiana,1500,2000,500
Rhodostemonodaphne laxa,1100,1100,0
Rhodostemonodaphne velutina,700,700,0
Richeria grandis,1300,2500,1200
Rinorea dasyadena,600,600,0
Rinorea haughtii,600,600,0
Rinorea hirsuta,300,300,0
Rinorea lindeniana,100,1100,1000
Rinorea paniculata,100,600,500
Rinorea pubiflora,0,600,600
Rinorea sylvatica,100,100,0
Rinorea viridifolia,400,1400,1000
Rinoreocarpus ulei,0,1000,1000
Ronabea latifolia,400,1200,800
Roucheria columbiana,200,600,400
Roucheria laxiflora,100,1500,1400
Roupala monosperma,300,2600,2300
Roupala montana,600,2700,2100
Ruagea glabra,2200,3400,1200
Ruagea hirsuta,1000,2500,1500
Ruagea pubescens,0,1600,1600
Ruagea tomentosa,300,2200,1900
Rudgea cornifolia,1000,2200,1200
Rudgea sanarensis,1700,1700,0
Rudgea sclerocalyx,2300,2500,200
Ruprechtia tenuiflora,200,200,0
Rustia occidentalis,0,700,700
Ryania spruceana,0,400,400
Salacia cordata,1500,2100,600
Salacia solimoesensis,0,500,500
Sambucus nigra,0,2900,2900
Sambucus peruviana,800,2900,2100
Sapindus saponaria,1600,2600,1000
Sapium glandulosum,2000,3800,1800
Sapium laurifolium,0,2200,2200
Sapium marmieri,0,2100,2100
Sapium stylare,200,3400,3200
Saracha punctata,300,2500,2200
Sarcaulus brasiliensis,100,1600,1500
Saurauia brachybotrys,900,3100,2200
Saurauia bullosa,300,2100,1800
Saurauia cuatrecasana,2700,2800,100
Saurauia laevigata,0,1500,1500
Saurauia prainiana,0,2600,2600
Saurauia pseudostrigillosa,0,2100,2100
Saurauia scabra,1900,2700,800
Saurauia stapfiana,0,3200,3200
Saurauia tomentosa,1100,2300,1200
Saurauia ursina,0,2500,2500
Schefflera bejucosa,0,2200,2200
Schefflera bogotensis,1100,1400,300
Schefflera jahnii,800,800,0
Schefflera minutiflora,0,1700,1700
Schefflera silvatica,0,0,0
Schizocalyx bracteosa,800,2200,1400
Schizolobium parahyba,100,1400,1300
Schnella glabra,0,2100,2100
Seguieria americana,0,1000,1000
Senefeldera testiculata,0,900,900
Senegalia polyphylla,500,1700,1200
Senegalia riparia,400,3100,2700
Senna bacillaris,200,1600,1400
Senna ruiziana,0,1500,1500
Senna silvestris,200,1500,1300
Senna spectabilis,1300,2800,1500
Sideroxylon obtusifolium,0,2000,2000
Simarouba amara,1300,1800,500
Simira cordifolia,300,1200,900
Simira rubescens,500,1100,600
Siparuna aspera,1400,2900,1500
Siparuna cervicornis,200,1000,800
Siparuna conica,1000,2600,1600
Siparuna decipiens,300,2100,1800
Siparuna echinata,1300,2900,1600
Siparuna gigantotepala,0,1700,1700
Siparuna guianensis,700,2300,1600
Siparuna laurifolia,200,2600,2400
Siparuna lepidota,1100,2900,1800
Siparuna mutisii,1200,2600,1400
Siparuna thecaphora,1700,2900,1200
Siparuna tomentosa,200,3200,3000
Siphoneugena dussii,0,1900,1900
Sisyrinchium micranthum,300,2500,2200
Sloanea brevispina,0,2100,2100
Sloanea durissima,0,2000,2000
Sloanea eichleri,0,800,800
Sloanea fragrans,900,2300,1400
Sloanea gracilis,100,1400,1300
Sloanea guianensis,700,2000,1300
Sloanea latifolia,0,800,800
Sloanea laxiflora,0,300,300
Sloanea parvifructa,0,800,800
Sloanea pubescens,400,1400,1000
Sloanea robusta,0,1400,1400
Sloanea rufa,400,1900,1500
Sloanea terniflora,0,1500,1500
Sloanea tuerckheimii,1000,1800,800
Socratea exorrhiza,400,3700,3300
Socratea rostrata,400,1600,1200
Solanum allophyllum,1800,1800,0
Solanum anceps,1200,2900,1700
Solanum aphyodendron,0,3100,3100
Solanum arboreum,0,3100,3100
Solanum asperolanatum,2300,3400,1100
Solanum hypaleurotrichum,0,3000,3000
Solanum lepidotum,600,2300,1700
Solanum microleprodes,0,700,700
Solanum nutans,400,2800,2400
Solanum oblongifolium,1200,3100,1900
Solanum sessile,600,2800,2200
Solanum umbellatum,0,2100,2100
Sorocea affinis,0,2200,2200
Sorocea pubivena,0,1600,1600
Sorocea sprucei,200,1300,1100
Sorocea steinbachii,300,2600,2300
Sorocea trophoides,0,1600,1600
Sphaeropteris quindiuensis,100,2200,2100
Spirotheca rosea,200,1500,1300
Spondias mombin,0,1400,1400
Spondias radlkoferi,0,900,900
Staphylea occidentalis,2100,3200,1100
Stenosepala hirsuta,900,900,0
Stenostomum acreanum,100,400,300
Stephanopodium angulatum,800,1800,1000
Stephanopodium aptotum,0,300,300
Sterculia apetala,400,2300,1900
Sterculia colombiana,100,1100,1000
Blakea quadrangularis,1000,2800,1800
Bocconia frutescens,1500,2900,1400
Bocconia integrifolia,1200,2900,1700
Boehmeria caudata,900,3300,2400
Boehmeria ulmifolia,0,2600,2600
Bomarea multiflora,0,2900,2900
Bonamia trichantha,900,1600,700
Brachycylix vageleri,500,500,0
Brosimum alicastrum,400,1800,1400
Brosimum guianense,900,2700,1800
Brosimum lactescens,1000,1700,700
Brosimum rubescens,200,1200,1000
Brosimum utile,200,2300,2100
Brownea multijuga,300,600,300
Brownea rosa-de-monte,1600,1600,0
Brownea santanderensis,400,400,0
Brunellia acostae,800,2400,1600
Brunellia boqueronensis,0,800,800
Brunellia comocladifolia,1600,2600,1000
Brunellia dulcis,0,900,900
Brunellia sibundoya,300,1600,1300
Brunellia subsessilis,0,1700,1700
Brunellia trianae,0,1000,1000
Bucquetia glutinosa,1800,3400,1600
Sterculia pruriens,0,500,500
Sterculia speciosa,0,400,400
Sterigmapetalum colombianum,0,900,900
Sterigmapetalum tachirense,800,800,0
Stilpnophyllum oellgaardii,1000,2300,1300
Strychnos guianensis,0,1000,1000
Strychnos toxifera,300,1100,800
Stryphnodendron microstachyum,100,600,500
Styloceras laurifolium,0,3200,3200
Stylogyne ardisioides,300,2400,2100
Stylogyne longifolia,100,2700,2600
Stylogyne turbacensis,400,2700,2300
Styphnolobium sporadicum,0,0,0
Styrax davillifolius,0,2300,2300
Styrax pavonii,800,2900,2100
Styrax pentlandianus,0,2200,2200
Styrax peruvianus,0,1100,1100
Styrax tomentosus,1000,1600,600
Swartzia amplifolia,0,600,600
Swartzia colombiana,500,500,0
Swartzia macrophylla,100,1400,1300
Swartzia myrtifolia,100,2300,2200
Swartzia oraria,100,800,700
Swartzia robiniifolia,700,1000,300
Swartzia schultesii,100,400,300
Swartzia simplex,200,1400,1200
Swietenia macrophylla,400,1300,900
Symbolanthus pterocalyx,0,1900,1900
Symphonia globulifera,600,1900,1300
Symplocos arechea,0,2000,2000
Symplocos bogotensis,200,1600,1400
Symplocos flosfragrans,900,1500,600
Symplocos fuliginosa,0,1200,1200
Symplocos phaeoneura,1300,1300,0
Symplocos quindiuensis,0,1400,1400
Symplocos theiformis,1100,1300,200
Tabebuia ochracea,0,2100,2100
Tabebuia rosea,1700,1700,0
Tabebuia serratifolia,0,200,200
Tabernaemontana columbiensis,300,1400,1100
Tabernaemontana cymosa,0,1600,1600
Tabernaemontana grandiflora,0,3300,3300
Tabernaemontana markgrafiana,100,1700,1600
Tabernaemontana sananho,1100,2100,1000
Tachia parviflora,600,1400,800
Talisia bullata,300,1600,1300
Talisia cerasina,100,1700,1600
Talisia hexaphylla,0,1100,1100
Talisia macrophylla,0,1700,1700
Talisia morii,0,0,0
Talisia nervosa,500,800,300
Tapirira guianensis,1700,2100,400
Tapirira obtusa,0,2000,2000
Tapura colombiana,200,800,600
Tapura guianensis,0,1500,1500
Terminalia amazonia,800,1900,1100
Terminalia oblonga,0,2300,2300
Terminalia tetraphylla,600,1600,1000
Ternstroemia acrodantha,400,400,0
Ternstroemia macrocarpa,600,2100,1500
Ternstroemia meridionalis,200,2200,2000
Tessaria integrifolia,1100,3400,2300
Tetragastris altissima,0,900,900
Tetragastris panamensis,100,1500,1400
Tetrathylacium johansenii,0,300,300
Tetrathylacium macrophyllum,1000,2000,1000
Tetrorchidium andinum,300,2500,2200
Tetrorchidium euryphyllum,900,2300,1400
Tetrorchidium macrophyllum,0,2500,2500
Tetrorchidium rubrivenium,900,3000,2100
Theobroma bicolor,0,1000,1000
Theobroma cacao,200,2100,1900
Theobroma glaucum,0,1000,1000
Tocoyena pittieri,0,2000,2000
Tournefortia cuspidata,100,2300,2200
Tournefortia fuliginosa,0,2500,2500
Tournefortia scabrida,0,3500,3500
Tovomita carinata,0,300,300
Tovomita choisyana,0,1000,1000
Tovomita spruceana,200,800,600
Tovomita stylosa,200,1900,1700
Tovomita trojitana,0,900,900
Toxicodendron striatum,300,2600,2300
Trattinnickia aspera,0,900,900
Trattinnickia burserifolia,0,900,900
Trattinnickia lawrancei,0,800,800
Trema integerrima,0,2100,2100
Trema micrantha,2200,2900,700
Trichilia cipo,0,600,600
Trichilia elegans,800,2500,1700
Trichilia hirta,0,3000,3000
Trichilia inaequilatera,100,2000,1900
Trichilia martiana,0,2000,2000
Trichilia maynasiana,100,1800,1700
Trichilia micrantha,400,1300,900
Trichilia moschata,0,200,200
Trichilia pallida,1600,2400,800
Trichilia pleeana,700,2300,1600
Trichilia poeppigii,100,1500,1400
Trichilia quadrijuga,200,1300,1100
Trichilia schomburgkii,0,1000,1000
Trichilia septentrionalis,1000,2200,1200
Trichospermum galeottii,600,1200,600
Triplaris americana,1000,2400,1400
Triplaris cumingiana,100,2900,2800
Triplaris weigeltiana,200,1000,800
Trophis racemosa,0,1500,1500
Turpinia heterophylla,0,800,800
Ulex europaeus,0,2600,2600
Unonopsis aviceps,900,900,0
Unonopsis guatterioides,500,1400,900
Unonopsis pacifica,0,800,800
Unonopsis spectabilis,200,800,600
Urera baccifera,1500,2900,1400
Urera caracasana,0,2800,2800
Urera lianoides,100,2100,2000
Urera simplex,1100,2600,1500
Uribea tamarindoides,200,200,0
Vachellia macracantha,900,3600,2700
Vallea stipularis,500,3800,3300
Varronia cylindrostachya,500,3100,2600
Vasconcellea goudotiana,2700,2900,200
Vasconcellea microcarpa,1700,2500,800
Vasconcellea pubescens,700,2900,2200
Vatairea guianensis,0,100,100
Verbesina arborea,0,2400,2400
Verbesina nudipes,1900,2800,900
Vernonanthura patens,2100,3000,900
Viburnum anabaptista,0,1400,1400
Viburnum antioquiense,0,1200,1200
Viburnum ayavacense,0,1900,1900
Viburnum hallii,1000,3100,2100
Viburnum lasiophyllum,0,2200,2200
Viburnum pichinchense,0,3400,3400
Viburnum reticulatum,0,500,500
Viburnum tinoides,700,2400,1700
Viburnum toronis,1500,2500,1000
Viburnum triphyllum,0,2700,2700
Viburnum undulatum,0,1500,1500
Virola calophylla,0,1800,1800
Virola dixonii,200,700,500
Virola elongata,0,1400,1400
Virola flexuosa,300,900,600
Virola loretensis,0,200,200
Virola macrocarpa,900,2000,1100
Virola pavonis,200,1300,1100
Virola reidii,500,1000,500
Virola sebifera,1300,2000,700
Vismia baccifera,100,3500,3400
Vismia cayennensis,0,2500,2500
Vismia gracilis,0,2200,2200
Vismia guianensis,0,2700,2700
Vismia laevis,400,2500,2100
Vismia lauriformis,0,2400,2400
Vismia lindeniana,0,0,0
Vismia macrophylla,200,1800,1600
Vismia mandurr,300,2100,1800
Vismia sprucei,0,2200,2200
Vismia tomentosa,0,2400,2400
Vitex capitata,0,800,800
Vitex compressa,900,1300,400
Vitex cymosa,0,1100,1100
Vitex triflora,0,1800,1800
Vochysia duquei,400,1200,800
Vochysia ferruginea,100,1900,1800
Vochysia lehmannii,0,3100,3100
Vochysia megalantha,0,1900,1900
Warszewiczia coccinea,600,2500,1900
Warszewiczia uxpanapensis,0,300,300
Weinmannia auriculata,700,3500,2800
Weinmannia cochensis,0,1800,1800
Weinmannia elliptica,1700,3000,1300
Weinmannia fagaroides,1000,2500,1500
Weinmannia latifolia,0,2000,2000
Weinmannia lechleriana,600,1200,600
Weinmannia lentiscifolia,0,2200,2200
Weinmannia mariquitae,0,2500,2500
Weinmannia microphylla,100,1900,1800
Weinmannia multijuga,0,2800,2800
Weinmannia ovata,0,2000,2000
Weinmannia pinnata,1400,3200,1800
Weinmannia pubescens,1000,2700,1700
Weinmannia reticulata,700,2500,1800
Weinmannia rollottii,0,2500,2500
Weinmannia sorbifolia,1300,2800,1500
Weinmannia tomentosa,2000,3600,1600
Wettinia fascicularis,100,1800,1700
Wettinia hirsuta,1100,1100,0
Wettinia kalbreyeri,1400,2100,700
Wettinia microcarpa,600,600,0
Wettinia oxycarpa,0,2200,2200
Wettinia praemorsa,1900,3600,1700
Wettinia quinaria,0,3800,3800
Witheringia coccoloboides,1100,2900,1800
Wittmackanthus stanleyanus,100,900,800
Xanthosoma sagittifolium,400,2200,1800
Ximenia americana,200,1600,1400
Xylopia amazonica,0,300,300
Xylopia aromatica,200,2200,2000
Xylopia calophylla,0,800,800
Xylopia discreta,0,900,900
Xylopia emarginata,0,500,500
Xylopia frutescens,0,800,800
Xylopia polyantha,0,800,800
Xylopia sericea,100,500,400
Zanthoxylum acuminatum,200,2100,1900
Zanthoxylum fagara,1100,2700,1600
Zanthoxylum formiciferum,0,1300,1300
Zanthoxylum lenticulare,1200,1800,600
Zanthoxylum melanostictum,0,1900,1900
Zanthoxylum pucro,0,700,700
Zanthoxylum quinduense,300,2800,2500
Zanthoxylum rhoifolium,800,3500,2700
Zanthoxylum rigidum,0,2400,2400
Zinowiewia australis,1000,2300,1300
Zygia latifolia,200,1200,1000
Zygia multipunctata,100,100,0
Zygia picramnioides,0,200,200
Bunchosia argentea,0,2000,2000
Bunchosia armeniaca,1600,2600,1000
Bunchosia diphylla,0,100,100
Bunchosia hartwegiana,1000,1000,0
Bunchosia pseudonitida,200,1800,1600
Bursera graveolens,700,1900,1200
Bursera simaruba,0,1400,1400
Byrsonima arthropoda,0,2400,2400
Byrsonima garcibarrigae,0,1800,1800
Byrsonima nemoralis,1400,1400,0
Byrsonima spicata,300,2000,1700
Byrsonima stipulacea,0,0,0
Cabralea canjerana,0,2400,2400
Calatola costaricensis,1000,3000,2000
Calliandra magdalenae,0,1400,1400
Calliandra purdiei,1100,1500,400
Calliandra riparia,1400,2400,1000
Calophyllum brasiliense,300,2500,2200
Calophyllum mariae,900,900,0
Calycolpus moritzianus,600,2700,2100
Campomanesia speciosa,0,900,900
Capirona decorticans,0,700,700
Capparis micracantha,0,0,0
Cariniana pyriformis,100,1400,1300
Caryocar amygdaliferum,0,800,800
Caryocar glabrum,0,1700,1700
Caryocar pallidum,0,1500,1500
Caryodendron orinocense,700,1600,900
Casearia aculeata,900,2000,1100
Casearia arborea,1100,2400,1300
Casearia arguta,100,1600,1500
Casearia cajambrensis,500,1600,1100
Casearia combaymensis,0,1900,1900
Casearia decandra,700,2100,1400
Casearia grandiflora,1100,1300,200
Casearia mariquitensis,0,2500,2500
Casearia megacarpa,0,1800,1800
Casearia praecox,800,800,0
Casearia prunifolia,0,2700,2700
Casearia quinduensis,400,2000,1600
Casearia sylvestris,1100,3000,1900
Casearia tachirensis,600,1000,400
Casearia ulmifolia,500,1000,500
Casearia zahlbruckneri,100,800,700
Cassia moschata,900,1200,300
Cassipourea guianensis,900,1400,500
Castilla elastica,0,2100,2100
Castilla tunu,0,1200,1200
Cathedra acuminata,100,1400,1300
Catostemma digitata,400,400,0
Catostemma digitatum,400,400,0
Cavanillesia platanifolia,0,200,200
Cavendishia antioquiensis,700,700,0
Cavendishia bracteata,2500,3700,1200
Cavendishia compacta,1700,2300,600
Cavendishia guatapeensis,200,2100,1900
Cavendishia pubescens,200,3500,3300
Cecropia angustifolia,900,2400,1500
Cecropia bullata,100,400,300
Cecropia engleriana,0,2600,2600
Cecropia gabrielis,300,700,400
Cecropia hispidissima,600,1600,1000
Cecropia insignis,0,900,900
Cecropia membranacea,300,1700,1400
Cecropia obtusifolia,1100,2100,1000
Cecropia peltata,0,2100,2100
Cecropia reticulata,800,1700,900
Cecropia sciadophylla,0,1800,1800
Cecropia telenitida,200,2700,2500
Cedrela fissilis,0,3100,3100
Cedrela lilloi,0,2600,2600
Cedrela montana,0,2800,2800
Cedrela odorata,1100,3400,2300
Ceiba pentandra,0,2000,2000
Ceiba speciosa,0,1700,1700
Celtis iguanaea,1100,2000,900
Celtis schippii,300,2300,2000
Centronia laurifolia,0,1500,1500
Ceroxylon parvifrons,800,1800,1000
Ceroxylon quindiuense,0,1500,1500
Ceroxylon vogelianum,0,1900,1900
Cespedesia spathulata,400,2500,2100
Cestrum bigibbosum,1900,1900,0
Cestrum conglomeratum,0,2900,2900
Cestrum cuneifolium,900,2200,1300
Cestrum humboldtii,400,2300,1900
Cestrum megalophyllum,200,2800,2600
Cestrum ochraceum,2200,2500,300
Cestrum petiolare,0,2000,2000
Cestrum racemosum,600,3000,2400
Chamaedorea allenii,0,1200,1200
Chamaedorea linearis,1800,2900,1100
Chamaedorea pinnatifrons,1900,3600,1700
Cheiloclinium cognatum,700,2500,1800
Chimarrhis glabriflora,100,900,800
Chimarrhis hookeri,300,1400,1100
Chlorocardium venenosum,0,1000,1000
Chloroleucon mangense,0,2300,2300
Chomelia microloba,200,200,0
Chomelia paniculata,700,1600,900
Chomelia polyantha,0,300,300
Chomelia spinosa,600,1600,1000
Chomelia tenuiflora,900,2100,1200
Chrysochlamys colombiana,500,2700,2200
Chrysochlamys dependens,0,2200,2200
Chrysochlamys eclipes,0,1200,1200
Chrysochlamys macrophylla,300,1900,1600
Chrysochlamys membranacea,0,2400,2400
Chrysochlamys nicaraguensis,0,2600,2600
Chrysochlamys ulei,0,1300,1300
Chrysochlamys weberbaueri,900,2100,1200
Chrysophyllum argenteum,500,2500,2000
Chrysophyllum cainito,1300,1800,500
Chrysophyllum colombianum,0,1300,1300
Chrysophyllum lucentifolium,0,1200,1200
Chrysophyllum prieurii,400,1300,900
Acalypha stenoloba,0,2400,2400
Achatocarpus praecox,0,1800,1800
Aegiphila aculeifera,0,900,900
Aegiphila monticola,800,1200,400
Agonandra silvatica,0,1800,1800
Aiouea formicaria,0,700,700
Aiouea grandifolia,0,1400,1400
Aiouea palaciosii,1100,1700,600
Allophylus divaricatus,0,1300,1300
Allophylus dodsonii,0,100,100
Allophylus incanus,0,2200,2200
Allophylus pilosus,100,2700,2600
Cinchona calisaya,0,3000,3000
Cinchona pyrifolia,0,900,900
Citharexylum gentryi,200,400,200
Clavija clavata,0,0,0
Clavija eggersiana,0,1900,1900
Clavija laplanadae,0,400,400
Clethra crispa,200,600,400
Clethra ferruginea,0,1900,1900
Clethra obovata,0,2600,2600
Clethra pedicellaris,500,2400,1900
Clusia pavonii,0,500,500
Clusia schultesii,0,1500,1500
Coccoloba peruviana,0,1700,1700
Cordia lomatoloba,0,2300,2300
Cordia lutea,0,2800,2800
Cordia trichotoma,0,1700,1700
Cordia ucayaliensis,600,2400,1800
Cordiera longicaudata,900,900,0
Coussarea ecuadorensis,0,1400,1400
Coussarea tenuiflora,0,900,900
Critoniopsis floribunda,0,1600,1600
Critoniopsis occidentalis,0,1100,1100
Critoniopsis tungurahuae,0,1000,1000
Croton floccosus,2000,2000,0
Croton glabellus,0,500,500
Croton rimbachii,0,1100,1100
Croton tessmannii,400,2700,2300
Cupania rufescens,0,0,0
Cyathea catacampta,0,700,700
Cyathea corallifera,0,1800,1800
Cyathea crenata,0,1200,1200
Cyathea cystolepis,0,1700,1700
Cyathea frigida,0,900,900
Cyathea obnoxia,0,700,700
Dacryodes cupularis,1300,1700,400
Daphnopsis equatorialis,800,1600,800
Dendropanax fendleri,0,0,0
Dendropanax macrocarpus,800,1200,400
Dendropanax umbellatus,0,1800,1800
Dendrophorbium lloense,2000,2200,200
Dendrophorbium tipocochense,1200,3400,2200
Deprea subtriflora,0,2600,2600
Diospyros nigra,0,100,100
Diplotropis martiusii,0,800,800
Drypetes amazonica,500,1300,800
Duguetia surinamensis,0,200,200
Duroia laevis,600,600,0
Elaeoluma glabrescens,0,300,300
Endlicheria krukovii,400,1700,1300
Endlicheria lorastemon,0,1200,1200
Endlicheria macrophylla,0,500,500
Endlicheria oreocola,0,1800,1800
Endlicheria tessmannii,0,1700,1700
Eriotheca macrophylla,0,1400,1400
Erythrina amazonica,800,2200,1400
Erythrina ulei,0,1400,1400
Erythroxylum squamatum,500,2300,1800
Eschweilera andina,100,1900,1800
Eschweilera rimbachii,1000,1700,700
Eugenia crassimarginata,2100,2600,500
Eugenia muricata,0,2300,2300
Faramea ampla,0,1400,1400
Faramea bangii,0,2200,2200
Faramea langlassei,1600,2000,400
Faramea torquata,0,1700,1700
Ferdinandusa chlorantha,1200,2700,1500
Ferdinandusa guainiae,200,1500,1300
Ficus casapiensis,0,1600,1600
Ficus trapezicola,0,1800,1800
Alseis peruviana,0,400,400
Amanoa oblongifolia,200,1300,1100
Ampelocera ruizii,0,1600,1600
Andira multistipula,0,900,900
Annona ambotay,200,1200,1000
Annona deceptrix,500,900,400
Geissanthus pichinchae,1000,2400,1400
Geissanthus vanderwerffii,2100,2600,500
Geoffroea spinosa,0,1900,1900
Grias peruviana,700,2000,1300
Grias theobromicarpa,0,0,0
Grosvenoria rimbachii,900,3200,2300
Guapira noxia,0,0,0
Guarea gomma,0,1400,1400
Guatteria boliviana,0,2000,2000
Guatteria duodecima,0,2100,2100
Guatteria pichinchae,0,500,500
Guatteria venosa,800,1000,200
Hedyosmum anisodorum,0,1900,1900
Hedyosmum tepuiense,900,1500,600
Heisteria asplundii,1100,2000,900
Heisteria duckei,0,500,500
Heisteria pacifica,0,900,900
Helicostylis elegans,100,1200,1100
Hieronyma scabra,0,1200,1200
Hirtella macrophylla,100,200,100
Ilex acutidenticulata,900,2300,1400
Inga auristellae,300,1100,800
Inga cordatoalata,300,1300,1000
Inga cordistipula,0,0,0
Inga feuillei,900,2600,1700
Inga multicaulis,1400,1500,100
Inga silanchensis,1300,1700,400
Iochroma calycinum,0,1700,1700
Iryanthera lancifolia,0,800,800
Ixora panurensis,100,1600,1500
Jacaranda macrocarpa,100,500,400
Kotchubaea sericantha,0,1400,1400
Ladenbergia heterophylla,0,1800,1800
Leonia crassa,400,1000,600
Licania incana,0,700,700
Macrolobium limbatum,200,500,300
Magnolia gilbertoi,0,1400,1400
Magnolia mashpi,0,0,0
Matisia coloradorum,900,1000,100
Matisia giacomettoi,500,700,200
Matisia malacocalyx,700,1700,1000
Meliosma boliviensis,0,2000,2000
Meliosma glabrata,0,3100,3100
Meliosma herbertii,700,2700,2000
Meliosma peytonii,0,2100,2100
Anthodiscus klugii,300,1000,700
Aphelandra acanthus,1100,2600,1500
Aspidosperma macrocarpon,0,1200,1200
Aspidosperma schultesii,500,900,400
Asplundia schizotepala,0,1000,1000
Meriania maxima,1500,1600,100
Meriania pichinchensis,0,500,500
Meriania rigida,0,2400,2400
Miconia alpina,0,900,900
Miconia aristata,0,300,300
Miconia aulocalyx,0,1700,1700
Miconia bracteata,0,200,200
Miconia corymbiformis,1200,3300,2100
Miconia dapsiliflora,600,600,0
Miconia explicita,500,600,100
Miconia ferruginea,800,800,0
Miconia glaucescens,0,1700,1700
Miconia juruensis,0,200,200
Miconia lasiocalyx,400,2100,1700
Miconia media,0,2000,2000
Miconia smithii,0,0,0
Micropholis grandiflora,0,0,0
Monnina pseudopilosa,2100,2100,0
Myrcia egensis,0,0,0
Myrcianthes alaternifolia,500,900,400
Myroxylon peruiferum,0,1000,1000
Naucleopsis chiguila,500,2000,1500
Naucleopsis concinna,0,300,300
Naucleopsis krukovii,0,1100,1100
Nealchornea yapurensis,600,1300,700
Nectandra acuminata,0,2300,2300
Nectandra discolor,0,1400,1400
Ocotea cuneifolia,1600,2800,1200
Ocotea floccifera,1500,1700,200
Ocotea karsteniana,0,1900,1900
Ocotea oreophila,0,0,0
Ocotea rugosa,700,1000,300
Oreocallis grandiflora,0,3100,3100
Oreopanax ecuadorensis,1000,1600,600
Oreopanax grandifolius,100,1900,1800
Ormosia coarctata,0,1400,1400
Otoba glycycarpa,0,1800,1800
Palicourea acanthacea,0,1200,1200
Palicourea lineata,1500,2100,600
Palicourea sodiroi,1500,1500,0
Palicourea subscandens,200,1300,1100
Palicourea tinctoria,700,2200,1500
Panopsis megistosperma,600,800,200
Panopsis pearcei,0,1600,1600
Parinari chocoensis,300,300,0
Parinari parilis,0,300,300
Pentacalia oronocensis,0,2200,2200
Pentagonia clementinensis,1200,1500,300
Pentagonia williamsii,0,400,400
Pera tomentosa,300,500,200
Perebea humilis,100,700,600
Persea fendleri,100,100,0
Persea nudigemma,0,1600,1600
Persea peruviana,0,1500,1500
Persea sericea,0,1100,1100
Phytelephas aequatorialis,1100,1900,800
Axinaea quitensis,1300,2100,800
Banara regia,300,900,600
Bathysa obovata,0,0,0
Batocarpus orinocensis,900,1700,800
Blakea eriocalyx,1500,1600,100
Blakea multiflora,0,1700,1700
Piper boquianum,200,200,0
Piper ecuadorense,300,1200,900
Piper hylophilum,0,1000,1000
Piper perareolatum,0,2000,2000
Pleurothyrium glabrifolium,0,1200,1200
Pleurothyrium parviflorum,0,800,800
Pleurothyrium poeppigii,0,2300,2300
Polylepis pauta,200,2000,1800
Pourouma cuspidata,0,800,800
Pouteria buenaventurensis,1400,1600,200
Pouteria campanulata,0,600,600
Pouteria egregia,0,0,0
Pouteria gigantea,0,0,0
Pouteria juruana,0,1100,1100
Pouteria macrocarpa,100,100,0
Pouteria macrophylla,0,1000,1000
Pouteria oblanceolata,0,1500,1500
Pouteria vernicosa,0,400,400
Psychotria montivaga,100,2100,2000
Psychotria pichisensis,100,2100,2000
Pterogyne nitens,0,1600,1600
Quararibea grandifolia,500,1400,900
Quararibea wittii,0,900,900
Randia ferox,100,1800,1700
Rauvolfia sprucei,0,1900,1900
Ravenia biramosa,0,1000,1000
Rhamnidium elaeocarpum,0,1500,1500
Rhodostemonodaphne cyclops,0,200,200
Richeria dressleri,0,0,0
Roupala cordifolia,0,1700,1700
Rudgea verticillata,0,2300,2300
Saurauia biserrata,0,1400,1400
Saurauia herthae,1400,2300,900
Saurauia peruviana,0,2200,2200
Schefflera sodiroi,900,1400,500
Schizocalyx obovatus ,600,1400,800
Sebastiania brasiliensis,0,1800,1800
Sessea vestita,0,900,900
Simaba guianensis,200,1200,1000
Siparuna bifida,0,1000,1000
Siparuna cristata,100,1200,1100
Siparuna eggersii,700,2300,1600
Siparuna piloso-lepidota,0,2100,2100
Siphoneugena densiflora,300,500,200
Sloanea brevipes,0,1200,1200
Sloanea medusula,0,0,0
Sloanea multiflora,200,1400,1200
Sloanea sinemariensis,0,1800,1800
Solanum confertiseriatum,1700,1800,100
Solanum cucullatum,200,2900,2700
Sorocea guilleminiana,100,1700,1600
Sorocea jaramilloi,0,1600,1600
Sorocea sarcocarpa,400,1900,1500
Spirotheca awadendron,800,1300,500
Blakea rotundifolia,1600,1600,0
Brachyotum gleasonii,0,900,900
Browneopsis macrofoliolata,0,300,300
Brunellia littlei,1800,1800,0
Brunellia stenoptera,0,1200,1200
Brunellia tomentosa,800,1400,600
Sterculia frondosa,400,1200,800
Sterculia tessmannii,100,800,700
Styrax glabratus,0,0,0
Styrax heterotrichus,500,700,200
Swartzia haughtii,600,700,100
Symplocos carmencitae,300,600,300
Symplocos fimbriata,100,1300,1200
Symplocos fuscata,0,1100,1100
Symplocos quitensis,600,1900,1300
Symplocos reflexa,0,800,800
Symplocos subandina,200,600,400
Tachigali alba,0,1300,1300
Tachigali setifera,0,1500,1500
Talisia obovata,0,300,300
Tapirira rubrinervis,0,1600,1600
Tapura peruviana,200,2800,2600
Ternstroemia globiflora,0,0,0
Theobroma gileri,600,600,0
Theobroma speciosum,0,800,800
Theobroma subincanum,900,1300,400
Trichilia primogenita,0,800,800
Trichilia rubra,600,1800,1200
Trichilia stipitata,0,300,300
Trichilia surinamensis,100,700,600
Vallea ecuadorensis,0,800,800
Verbesina latisquama,0,1200,1200
Verbesina lloensis,1500,1500,0
Virola duckei,400,1800,1400
Virola mollissima,0,500,500
Vismia lateriflora,0,1600,1600
Vismia pozuzoensis,900,2500,1600
Weinmannia polyphylla,100,400,300
Weinmannia subsessiliflora,300,1600,1300
Xylopia cuspidata,200,1000,800
Zanthoxylum sprucei,0,1700,1700
Zygia lathetica,0,200,200
Byrsonima poeppigiana,0,1900,1900
Calycophyllum multiflorum,200,1000,800
Calycophyllum spruceanum,200,1700,1500
Capparidastrum petiolare,0,2100,2100
Carapa alticola,0,800,800
Carapa megistocarpa,1000,1500,500
Caryodaphnopsis theobromifolia,0,2700,2700
Casearia fasciculata,1000,1800,800
Castilla ulei,0,500,500
Cecropia albicans,0,0,0
Cecropia andina,400,1200,800
Cecropia montana,500,1200,700
Cedrelinga cateniformis,300,1000,700
Ceiba samauma,0,2400,2400
Ceiba trischistandra,0,1800,1800
Ceroxylon echinulatum,0,1100,1100
Cestrum peruvianum,700,2600,1900
Chrysochlamys bracteolata,1500,2200,700
Chrysophyllum amazonicum,100,900,800
Chrysophyllum manaosense,200,2000,1800
Achatocarpus pubescens,0,400,400
Actinostemon concolor,0,500,500
Aegiphila lopez-palacii,0,0,0
Agonandra excelsa,900,1500,600
Agonandra peruviana,0,2000,2000
Albizia multiflora,0,1200,1200
Allophylus coriaceus,0,0,0
Allophylus glabratus,0,1400,1400
Clethra castaneifolia,200,2100,1900
Clethra cuneata,700,3200,2500
Colicodendron scabridum,700,1400,700
Condalia weberbaueri,0,2300,2300
Couepia bernardii,0,0,0
Croton thurifer,0,1400,1400
Cyathea carolihenrici,300,700,400
Cyathea moranii,0,0,0
Cyathostegia mathewsii,1500,2100,600
Cybianthus fosteri,0,0,0
Cybianthus peruvianus,900,2500,1600
Dictyoloma vandellianum,400,1800,1400
Diploon cuspidatum,100,800,700
Duranta serratifolia,0,1800,1800
Eriotheca ruizii,0,1400,1400
Erythrina velutina,200,700,500
Eschweilera baguensis,0,1100,1100
Espostoa lanata,1000,1400,400
Faramea candelabrum,100,2600,2500
Faramea exemplaris,1200,1200,0
Ficus maroma,300,1100,800
Gallesia integrifolia,1000,2100,1100
Annona andicola,1200,1800,600
Guapira opposita,300,1800,1500
Guarea subandina,300,1300,1000
Guatteria oblongifolia,1000,2400,1400
Guatteria sodiroi,0,0,0
Gynoxys nitida,0,400,400
Hedyosmum dombeyanum,400,1300,900
Humiriastrum mapiriense,0,1600,1600
Hydrangea jelskii,200,800,600
Idiopappus saloyensis,200,200,0
Ilex gabrielleana,600,1400,800
Ilex hippocrateoides,600,2700,2100
Ilex hualgayoca,0,1300,1300
Ilex rupicola,1600,1600,0
Ilex teratopis,500,2600,2100
Ilex villosula,0,1700,1700
Incadendron esseri,300,900,600
Inga glomeriflora,1200,1200,0
Inga killipiana,0,700,700
Iochroma grandiflorum,400,1500,1100
Iryanthera olacoides,0,200,200
Joosia aequatoria,0,800,800
Ladenbergia riveroana,900,1700,800
Licaria pucheri,0,2300,2300
Lissocarpa uyat,400,800,400
Lomatia hirsuta,1400,1800,400
Loxopterygium huasango,800,1400,600
Lozania nunkui,500,1300,800
Luehea paniculata,100,2200,2100
Machaerium millei,100,1600,1500
Matisia bicolor,0,700,700
Meliosma pumila,0,1800,1800
Annona excellens,0,1000,1000
Aspidosperma cylindrocarpon,0,1400,1400
Asplundia aulacostigma,700,700,0
Mezilaurus campaucola,0,1000,1000
Miconia coelestis,0,1900,1900
Miconia neriifolia,800,1300,500
Miconia spennerostachya,1000,1900,900
Miconia subandicola,300,2000,1700
Miconia suborbicularis,2000,2000,0
Miconia tetragona,0,3200,3200
Myrcianthes fimbriata,800,900,100
Myriocarpa laevigata,400,1900,1500
Myrsine reynelii,0,0,0
Nectandra olida,600,1200,600
Nectandra pulverulenta,400,1500,1100
Nectandra subbullata,400,400,0
Nectandra viburnoides,0,200,200
Nordenstamia cajamarcensis,0,300,300
Ocotea mandonii,0,2000,2000
Ocotea oblongoobovata,100,100,0
Ocotea obovata,0,3000,3000
Ocotea ovalifolia,0,1700,1700
Ocotea pedanomischa,500,1000,500
Oreopanax andreanus,0,1500,1500
Oreopanax rosei,1300,1300,0
Palicourea cutucuana,900,1100,200
Persea brevipes,1000,1000,0
Persea raimondii,0,1200,1200
Persea weberbaueri,0,1800,1800
Axinaea confusa,0,1800,1800
Bathysa australis,0,2800,2800
Blakea mexiae,300,800,500
Piper heterophyllum,1100,2200,1100
Piper longepilosum,2000,2000,0
Piptocarpha lechleri,0,1700,1700
Pittoniotis rotata,0,700,700
Pourouma herrerensis,0,0,0
Pouteria condorensis,0,300,300
Pouteria lucumifolia,0,2300,2300
Prockia pentamera,0,0,0
Protium rhynchophyllum,0,700,700
Prunus herthae,0,1100,1100
Prunus pleiantha,0,1600,1600
Prunus stipulata,0,1900,1900
Remijia chelomaphylla,500,900,400
Rhamnus glandulosa,0,0,0
Rudgea ciliata,1100,2500,1400
Ruizodendron ovale,300,1200,900
Sarcaulus oblatus,600,600,0
Saurauia harlingii,1400,1400,0
Senna mollissima,1700,2500,800
Sessea dependens,0,2700,2700
Simira mollis,300,300,0
Siparuna cascada,400,2500,2100
Sloanea garckeana,0,300,300
Sloanea meianthera,0,600,600
Sloanea obtusifolia,300,1000,700
Socratea salazarii,0,1000,1000
Solanum cutervanum,900,1400,500
Solanum maturecalvans,200,2800,2600
Solanum pendulum,100,2200,2100
Solanum riparium,100,2700,2600
Blepharocalyx salicifolius,0,2500,2500
Brunellia inermis,200,2000,1800
Sterculia rebeccae,0,1500,1500
Strychnos erichsonii,100,100,0
Styrax foveolaria,900,2000,1100
Symplocos apiciflora,0,900,900
Symplocos canescens,900,900,0
Symplocos coriacea,200,1300,1100
Symplocos peruviana,200,1600,1400
Symplocos rimbachii,0,0,0
Symplocos spruceana,400,400,0
Syzygium aemulum,0,0,0
Tachigali chrysaloides,300,1800,1500
Terminalia valverdeae,0,300,300
Ternstroemia jelskii,800,2300,1500
Ternstroemia luquillensis,200,200,0
Toulicia reticulata,0,700,700
Tovomita krukovii,0,300,300
Trichilia tomentosa,0,1300,1300
Triplaris poeppigiana,0,1000,1000
Vasconcellea quercifolia,0,2800,2800
Vochysia mapirensis,0,1600,1600
Weinmannia haenkeana,400,1100,700
Xanthosoma caracu,500,500,0
Zanthoxylum bonifazieae,100,100,0
Caryocar amygdaliforme,600,800,200
Caryodaphnopsis fosteri,0,600,600
Casearia obovalis,800,1700,900
Cavanillesia hylogeiton,0,700,700
Cavendishia zamorensis,1000,1000,0
Cecropia polystachya,0,2800,2800
Ceiba insignis,0,1700,1700
Celtis loxensis,800,1900,1100
Aegiphila saltensis,0,1000,1000
Cinchona hirsuta,0,700,700
Cinchona micrantha,0,2300,2300
Colubrina retusa,200,900,700
Cordia iguaguana,1300,1300,0
Cordia saccellia,200,2100,1900
Cyathea herzogii,0,1100,1100
Cyathea nephele,0,2400,2400
Cyathea ruiziana,0,2200,2200
Dasyphyllum brasiliense,0,2700,2700
Dendropanax williamsii,0,1200,1200
Eriotheca discolor,300,1500,1200
Erythroxylum deciduum,0,0,0
Erythroxylum shatona,400,400,0
Erythroxylum subracemosum,0,100,100
Eugenia moraviana,500,2200,1700
Freziera uniauriculata,0,100,100
Amburana cearensis,0,1000,1000
Guatteria guentheri,0,1000,1000
Guettarda pohliana,0,1000,1000
Hedyosmum lechleri,500,2200,1700
Hedyosmum peruvianum,300,700,400
Machaerium peruvianum,0,0,0
Magnolia amazonica,0,800,800
Maraniona lavinii,1700,1700,0
Meliosma sirensis,0,0,0
Miconia axinaeoides,0,1000,1000
Miconia brevistylis,0,0,0
Miconia carpishana,0,600,600
Miconia crassipes,800,1300,500
Miconia crassistigma,0,0,0
Miconia cretacea,300,1100,800
Miconia glomerulifera,0,100,100
Miconia modica,0,900,900
Miconia pavoniana,0,0,0
Miconia puberula,0,700,700
Miconia pulverulenta,0,0,0
Miconia saltuensis,0,900,900
Miconia weberbaueri,100,700,600
Mouriri peruviana,0,400,400
Myrsine youngii,0,200,200
Nectandra utilis,0,500,500
Oreopanax iodophyllus,0,100,100
Ouratea tarapotensis,100,100,0
Parapiptadenia excelsa,0,1900,1900
Parodiodendron marginivillosum,0,1000,1000
Pereskia horrida,100,100,0
Physocalymma scaberrimum,200,1600,1400
Athyana weinmanniifolia,500,1200,700
Axinaea lanceolata,400,1300,900
Axinaea weberbaueri,0,0,0
Barnadesia caryophylla,100,1300,1200
Platymiscium gracile,100,100,0
Porcelia ponderosa,900,2000,1100
Protium montanum,600,1000,400
Ruagea subviridiflora,0,1600,1600
Ruprechtia aperta,1400,1400,0
Ruprechtia laxiflora,0,800,800
Schinopsis peruviana,100,100,0
Senna loretensis,200,600,400
Solanum trichoneuron,900,2300,1400
Bonellia mucronata,600,600,0
Brunellia brunnea,0,200,200
Styrax vilcabambae,0,800,800
Symplocos andicola,0,1000,1000
Symplocos baehnii,0,2200,2200
Tachigali peruviana,0,700,700
Tetrasida chachapoyensis,0,700,700
Tipuana tipu,0,2900,2900
Triplaris setosa,100,700,600
Vochysia haenkeana,400,1400,1000
Weinmannia crassifolia,0,1900,1900
Weinmannia glomerata,200,400,200
Zanthoxylum tambopatense,0,700,700
Alchornea anamariae,800,900,100
Clavija nutans,1000,1200,200
Croton piluliferus,0,1100,1100
Cyathea dintelmanii,1400,2400,1000
Cyathea multisegmenta,0,0,0
Dendropanax weberbaueri,100,100,0
Diatenopteryx sorbifolia,0,700,700
Enterolobium contortisiliquum,1000,2200,1200
Eriotheca roseorum,0,1000,1000
Euplassa inaequalis,0,0,0
Freziera cyanocantha,0,100,100
Freziera dudleyi,700,1500,800
Freziera parva,900,900,0
Freziera revoluta,100,100,0
Alsophila gastonyi,600,600,0
Alsophila minervae,0,0,0
Aniba firmula,0,0,0
Geissanthus bangii,1200,1200,0
Guatteria cuscoensis,200,200,0
Guatteria terminalis,400,400,0
Hebanthe occidentalis,1300,2100,800
Ilex trichoclada,0,1500,1500
Macrocarpaea maguirei,1600,1600,0
Magnolia boliviana,100,400,300
Magnolia gentryi,1000,1000,0
Magnolia madidiensis,0,500,500
Matayba boliviana,1300,1500,200
Mauria denticulata,0,700,700
Annona emarginata,700,1000,300
Annona williamsii,600,1300,700
Aralia soratensis,300,2300,2000
Meliosma solomonii,2300,2500,200
Meriania cuzcoana,200,200,0
Metrodorea flavida,400,1100,700
Miconia aprica,2400,2400,0
Miconia barbeyana,2800,2800,0
Miconia brachyanthera,1700,1700,0
Miconia brittonii,1200,1300,100
Miconia cookii,900,900,0
Miconia lasiostyla,500,500,0
Miconia madisonii,1100,1100,0
Miconia plumifera,500,2700,2200
Miconia polychaeta,1000,1000,0
Miconia setulosa,900,1100,200
Miconia terborghii,0,0,0
Miconia terera,500,500,0
Mollinedia boliviensis,1300,2100,800
Monnina connectisepala,500,1200,700
Myracrodruon urundeuva,300,2000,1700
Myrcia atrorufa,0,0,0
Myrcianthes pungens,0,1500,1500
Myrsine laetevirens,500,1400,900
Neea subpubescens,0,0,0
Nordenstamia repanda,0,2000,2000
Ocotea glabriflora,300,300,0
Ocotea pajonalis,900,900,0
Oreopanax kuntzei,1400,1500,100
Oreopanax pavonii,200,200,0
Parinari occidentalis,500,1600,1100
Persea corymbosa,300,300,0
Persea pajonalis,900,900,0
Phyllostylon rhamnoides,0,900,900
Bellucia aequiloba,1300,1400,100
Piper calvescentinerve,0,0,0
Piper tucumanum,1100,1200,100
Piptadenia cuzcoensis,0,0,0
Piptadenia robusta,200,600,400
Pisonia zapallo,300,1700,1400
Prunus detrita,0,0,0
Pseudobombax marginatum,0,1200,1200
Randia micracantha,1500,3300,1800
Rinorea guianensis,0,0,0
Ruagea ovalis,600,1100,500
Ruprechtia apetala,400,2000,1600
Saurauia formosa,0,0,0
Schefflera allocotantha,200,200,0
Schefflera herzogii,1100,1100,0
Schefflera inambarica,0,0,0
Schinopsis brasiliensis,0,1300,1300
Scutia buxifolia,400,1000,600
Siphoneugena occidentalis,600,1100,500
Bougainvillea stipitata,300,2500,2200
Brunellia boliviana,900,1700,800
Brunellia cuzcoensis,600,600,0
Brunellia weberbaueri,1500,1500,0
Styloceras brokawii,300,800,500
Symplocos psiloclada,1000,1000,0
Terminalia triflora,600,1800,1200
Ternstroemia brachypoda,0,100,100
Ternstroemia polyandra,200,1100,900
Trichilia claussenii,1200,1500,300
Vatairea fusca,300,900,600
Vochysia majuscula,500,500,0
Weinmannia bangii,600,1700,1100
Zanthoxylum harrisii,700,700,0
Bunchosia paraguariensis,0,700,700
Cariniana estrellensis,1400,1600,200
Cecropia tacuna,200,1900,1700
Chrysophyllum gonocarpum,1200,1900,700
Chrysophyllum marginatum,500,2000,1500
Cnicothamnus lorentzii,1500,2000,500
Cnidoscolus vitifolius,100,400,300
Coccoloba tiliacea,1100,1600,500
Cordia americana,0,900,900
Cupania vernalis,1200,1200,0
Ilex microdonta,0,0,0
Juglans australis,1000,1200,200
Kaunia saltensis,1400,2200,800
Libidibia paraguariensis,900,1900,1000
Lonchocarpus lilloi,0,800,800
Loxopterygium grisebachii,1000,1800,800
Ocotea porphyria,1300,1300,0
Piptadenia boliviana,1000,1000,0
Pisonia ambigua,600,900,300
Pseudobombax argentinum,0,0,0
Schinopsis marginata,800,2000,1200
Solanum symmetricum,1600,2300,700
Vassobia breviflora,2200,2500,300
Xylosma longipetiolata,1000,1800,800
Xylosma pubescens,0,1500,1500
Zanthoxylum petiolare,1000,1300,300
Bunchosia lindeniana,1700,1700,0
Cedrela balansae,0,400,400
Ceiba chodatii,1000,1800,800
Erythroxylum argentinum,500,500,0
Gleditsia amorphoides,1700,1700,0
Cestrum parqui,900,900,0
